1	0.767855
2	1.16641
3	1.49934
4	1.79988
5	2.07098
6	2.30526
7	2.51465
8	2.68479
9	2.83581
10	2.99148
11	3.15237
12	3.30285
13	3.43546
14	3.56342
15	3.68536
16	3.7954
17	3.89365
18	4.00059
19	4.11365
20	4.21305
21	4.29975
22	4.38861
23	4.4774
24	4.55623
25	4.62879
26	4.69663
27	4.75541
28	4.81924
29	4.88878
30	4.95762
31	5.01984
32	5.06226
33	5.10452
34	5.15746
35	5.20721
36	5.25301
37	5.30325
38	5.35296
39	5.38165
40	5.40461
41	5.431
42	5.44202
43	5.46521
44	5.50486
45	5.54111
46	5.5608
47	5.5726
48	5.5794
49	5.56899
50	5.54858
51	5.53237
52	5.53144
53	5.54191
54	5.56231
55	5.58518
56	5.59715
57	5.60938
58	5.61142
59	5.60387
60	5.60975
61	5.61825
62	5.61523
63	5.61104
64	5.60882
65	5.60441
66	5.60719
67	5.5917
68	5.567
69	5.55401
70	5.54593
71	5.54515
72	5.53775
73	5.53172
74	5.52876
75	5.52425
76	5.51945
77	5.51373
78	5.51397
79	5.50067
80	5.47908
81	5.47554
82	5.4767
83	5.4685
84	5.47116
85	5.48752
86	5.50165
87	5.50462
88	5.49861
89	5.48361
90	5.46497
91	5.44786
92	5.41807
93	5.3882
94	5.36672
95	5.3297
96	5.28077
97	5.24776
98	5.22443
99	5.20769
100	5.20247
101	5.19053
102	5.16629
103	5.13754
104	5.09945
105	5.05488
106	5.02578
107	5.0128
108	5.01218
109	5.02111
110	5.02342
111	5.00442
112	4.965
113	4.93654
114	4.91897
115	4.89063
116	4.85069
117	4.80823
118	4.78974
119	4.78074
120	4.76964
121	4.76483
122	4.74533
123	4.71613
124	4.70324
125	4.70433
126	4.70776
127	4.71332
128	4.70675
129	4.70084
130	4.69955
131	4.69454
132	4.69657
133	4.69901
134	4.70951
135	4.72571
136	4.72217
137	4.70412
138	4.6898
139	4.66648
140	4.6494
141	4.64786
142	4.63878
143	4.62884
144	4.61335
145	4.59847
146	4.58538
147	4.5612
148	4.5424
149	4.54072
150	4.53925
151	4.53962
152	4.54202
153	4.53976
154	4.52812
155	4.5041
156	4.48109
157	4.46983
158	4.47459
159	4.48968
160	4.49072
161	4.47875
162	4.48251
163	4.48221
164	4.47182
165	4.46905
166	4.46452
167	4.45488
168	4.46145
169	4.49361
170	4.51969
171	4.52662
172	4.54567
173	4.5766
174	4.59861
175	4.61386
176	4.62383
177	4.63422
178	4.6599
179	4.68221
180	4.69086
181	4.70718
182	4.72328
183	4.73231
184	4.72599
185	4.70651
186	4.69692
187	4.71312
188	4.72602
189	4.71404
190	4.69848
191	4.69732
192	4.6986
193	4.69689
194	4.70279
195	4.70208
196	4.70534
197	4.70134
198	4.68622
199	4.67119
200	4.65945
201	4.64978
202	4.64601
203	4.64164
204	4.62297
205	4.60836
206	4.61383
207	4.63539
208	4.64649
209	4.64915
210	4.64435
211	4.6385
212	4.63707
213	4.62472
214	4.61757
215	4.61494
216	4.61242
217	4.61231
218	4.60377
219	4.59438
220	4.58267
221	4.5657
222	4.56421
223	4.5637
224	4.55765
225	4.55768
226	4.56794
227	4.59127
228	4.61917
229	4.63813
230	4.63864
231	4.64591
232	4.65615
233	4.65045
234	4.63395
235	4.60394
236	4.58849
237	4.58663
238	4.57787
239	4.56794
240	4.56053
241	4.55396
242	4.5433
243	4.53222
244	4.50996
245	4.49211
246	4.48162
247	4.46912
248	4.45953
249	4.44373
250	4.43547
251	4.43061
252	4.4218
253	4.41456
254	4.38787
255	4.35531
256	4.33512
257	4.34242
258	4.36181
259	4.36826
260	4.38455
261	4.40613
262	4.41969
263	4.41052
264	4.39102
265	4.39117
266	4.40353
267	4.40587
268	4.40877
269	4.42295
270	4.43327
271	4.42909
272	4.42236
273	4.42741
274	4.43192
275	4.41603
276	4.37776
277	4.34815
278	4.32783
279	4.30778
280	4.29184
281	4.27776
282	4.26586
283	4.25788
284	4.24278
285	4.21723
286	4.203
287	4.19606
288	4.20074
289	4.21765
290	4.22676
291	4.22623
292	4.22485
293	4.23732
294	4.25937
295	4.28338
296	4.30887
297	4.33555
298	4.37903
299	4.42592
300	4.45036
301	4.46651
302	4.47563
303	4.48056
304	4.48732
305	4.48957
306	4.4929
307	4.50433
308	4.51624
309	4.52333
310	4.53413
311	4.54972
312	4.56662
313	4.57006
314	4.56237
315	4.55282
316	4.54086
317	4.53395
318	4.52324
319	4.5118
320	4.53085
321	4.5657
322	4.59395
323	4.60654
324	4.60889
325	4.61273
326	4.60908
327	4.58361
328	4.55233
329	4.53192
330	4.5186
331	4.51511
332	4.51999
333	4.53434
334	4.53628
335	4.53242
336	4.52719
337	4.51409
338	4.50988
339	4.48717
340	4.44994
341	4.42147
342	4.41104
343	4.41428
344	4.41345
345	4.40739
346	4.39041
347	4.38063
348	4.36403
349	4.33299
350	4.30749
351	4.30119
352	4.30594
353	4.30418
354	4.32209
355	4.35695
356	4.38457
357	4.40187
358	4.41342
359	4.42155
360	4.40881
361	4.38941
362	4.37444
363	4.3633
364	4.35606
365	4.34815
366	4.34375
367	4.33527
368	4.32336
369	4.31175
370	4.29577
371	4.26601
372	4.23424
373	4.21012
374	4.18301
375	4.15329
376	4.11728
377	4.0765
378	4.04663
379	4.02699
380	4.00521
381	3.97027
382	3.94489
383	3.94155
384	3.95153
385	3.96025
386	3.94286
387	3.92067
388	3.90523
389	3.87355
390	3.84864
391	3.84102
392	3.83881
393	3.82916
394	3.81095
395	3.79516
396	3.77244
397	3.75454
398	3.75259
399	3.74628
400	3.72495
401	3.70655
402	3.70388
403	3.70414
404	3.68917
405	3.67439
406	3.66389
407	3.64004
408	3.61234
409	3.59176
410	3.58313
411	3.58574
412	3.57833
413	3.56994
414	3.56004
415	3.54522
416	3.53537
417	3.53316
418	3.52374
419	3.522
420	3.53517
421	3.53685
422	3.54306
423	3.5387
424	3.52063
425	3.52254
426	3.52991
427	3.53236
428	3.54301
429	3.54627
430	3.53548
431	3.52857
432	3.52932
433	3.5234
434	3.51776
435	3.51587
436	3.52528
437	3.53975
438	3.55112
439	3.56768
440	3.59143
441	3.60688
442	3.61113
443	3.61333
444	3.62111
445	3.62094
446	3.62289
447	3.64122
448	3.65886
449	3.67552
450	3.69107
451	3.71484
452	3.733
453	3.73513
454	3.71806
455	3.71092
456	3.71507
457	3.72386
458	3.74442
459	3.76335
460	3.77966
461	3.80091
462	3.81509
463	3.81627
464	3.82613
465	3.84069
466	3.8558
467	3.86729
468	3.87671
469	3.89608
470	3.92312
471	3.94136
472	3.95289
473	3.95441
474	3.95541
475	3.96946
476	3.98908
477	4.02128
478	4.04171
479	4.05117
480	4.0578
481	4.05573
482	4.0644
483	4.07603
484	4.06948
485	4.062
486	4.07394
487	4.08761
488	4.10767
489	4.13036
490	4.15276
491	4.17535
492	4.19206
493	4.2214
494	4.2583
495	4.28377
496	4.30528
497	4.31727
498	4.31072
499	4.30259
500	4.30132
501	4.29184
502	4.26719
503	4.25562
504	4.26026
505	4.25681
506	4.24468
507	4.22013
508	4.18738
509	4.17058
510	4.16063
511	4.12869
512	4.09852
513	4.09849
514	4.09026
515	4.06426
516	4.04315
517	4.0167
518	3.99651
519	3.98536
520	3.97483
521	3.97383
522	3.97901
523	3.98179
524	3.95789
525	3.93909
526	3.95525
527	3.9634
528	3.96768
529	3.98845
530	4.00449
531	4.02129
532	4.03844
533	4.05906
534	4.091
535	4.11788
536	4.13201
537	4.1379
538	4.14409
539	4.13208
540	4.12059
541	4.13039
542	4.13976
543	4.14005
544	4.1331
545	4.11719
546	4.097
547	4.0676
548	4.02446
549	3.98326
550	3.9566
551	3.93897
552	3.90845
553	3.87201
554	3.84652
555	3.82273
556	3.7974
557	3.77674
558	3.76268
559	3.75196
560	3.73036
561	3.70133
562	3.68757
563	3.69063
564	3.69279
565	3.69056
566	3.69081
567	3.68237
568	3.66644
569	3.66326
570	3.6684
571	3.66816
572	3.64638
573	3.61917
574	3.61542
575	3.62095
576	3.61153
577	3.59967
578	3.5971
579	3.58636
580	3.56391
581	3.54282
582	3.52981
583	3.52228
584	3.5222
585	3.50957
586	3.48243
587	3.45992
588	3.4459
589	3.44658
590	3.44805
591	3.44434
592	3.43622
593	3.4307
594	3.43062
595	3.42331
596	3.41197
597	3.38846
598	3.37002
599	3.3768
600	3.38673
601	3.38842
602	3.37958
603	3.37395
604	3.37603
605	3.37526
606	3.36869
607	3.3562
608	3.34613
609	3.32331
610	3.28193
611	3.24479
612	3.22403
613	3.2074
614	3.19553
615	3.18447
616	3.17384
617	3.16973
618	3.15875
619	3.14133
620	3.12141
621	3.1124
622	3.11826
623	3.12144
624	3.11976
625	3.12594
626	3.1352
627	3.13781
628	3.12228
629	3.10288
630	3.09428
631	3.11036
632	3.13557
633	3.13851
634	3.13421
635	3.12942
636	3.12727
637	3.13106
638	3.13283
639	3.13843
640	3.15149
641	3.15084
642	3.13143
643	3.10919
644	3.08766
645	3.06692
646	3.05475
647	3.06005
648	3.08705
649	3.11108
650	3.12275
651	3.13508
652	3.16296
653	3.18896
654	3.20675
655	3.23206
656	3.2507
657	3.26453
658	3.28091
659	3.28874
660	3.29745
661	3.30232
662	3.30233
663	3.30839
664	3.30988
665	3.31273
666	3.33524
667	3.35994
668	3.35615
669	3.35164
670	3.36271
671	3.37878
672	3.39001
673	3.39149
674	3.39919
675	3.41077
676	3.42491
677	3.43669
678	3.42932
679	3.41478
680	3.39944
681	3.39412
682	3.40412
683	3.40277
684	3.3824
685	3.35635
686	3.34538
687	3.34796
688	3.34611
689	3.33465
690	3.32463
691	3.3173
692	3.29893
693	3.27808
694	3.25997
695	3.25695
696	3.26255
697	3.25709
698	3.25289
699	3.23914
700	3.21918
701	3.20678
702	3.19355
703	3.17732
704	3.15814
705	3.12957
706	3.0998
707	3.08319
708	3.06872
709	3.04619
710	3.01485
711	2.9826
712	2.94549
713	2.91698
714	2.89603
715	2.86795
716	2.83793
717	2.80874
718	2.78089
719	2.75169
720	2.73001
721	2.71047
722	2.69182
723	2.6678
724	2.63835
725	2.61402
726	2.58296
727	2.55149
728	2.53417
729	2.52343
730	2.51706
731	2.52355
732	2.53731
733	2.5377
734	2.53398
735	2.53219
736	2.52208
737	2.50984
738	2.51083
739	2.50928
740	2.49527
741	2.49411
742	2.48756
743	2.47436
744	2.46348
745	2.44272
746	2.41606
747	2.38397
748	2.36063
749	2.33878
750	2.31609
751	2.29057
752	2.26056
753	2.22405
754	2.17496
755	2.14504
756	2.13181
757	2.11924
758	2.12077
759	2.11999
760	2.10422
761	2.0883
762	2.07474
763	2.08307
764	2.08118
765	2.062
766	2.06222
767	2.06986
768	2.0784
769	2.0875
770	2.09244
771	2.09224
772	2.09324
773	2.10124
774	2.11337
775	2.12414
776	2.1259
777	2.12248
778	2.1155
779	2.10816
780	2.09627
781	2.0873
782	2.09433
783	2.09891
784	2.10212
785	2.10933
786	2.12173
787	2.13296
788	2.14026
789	2.14743
790	2.16428
791	2.19943
792	2.23116
793	2.24147
794	2.24755
795	2.25516
796	2.24345
797	2.2241
798	2.21853
799	2.21383
800	2.20579
801	2.19917
802	2.19001
803	2.19284
804	2.20024
805	2.20064
806	2.20075
807	2.19924
808	2.19977
809	2.19818
810	2.20191
811	2.19786
812	2.17781
813	2.16767
814	2.17364
815	2.1691
816	2.15348
817	2.13374
818	2.11519
819	2.11579
820	2.11047
821	2.09847
822	2.0961
823	2.09781
824	2.09913
825	2.09015
826	2.08568
827	2.08169
828	2.0546
829	2.03258
830	2.0243
831	2.0172
832	2.02528
833	2.05163
834	2.06246
835	2.06769
836	2.07449
837	2.07104
838	2.06623
839	2.06061
840	2.05972
841	2.04667
842	2.02827
843	2.02212
844	2.01036
845	2.01361
846	2.02259
847	2.0069
848	1.99525
849	1.99602
850	1.99208
851	1.99078
852	2.0035
853	2.02785
854	2.05323
855	2.05753
856	2.06155
857	2.06577
858	2.05176
859	2.03125
860	2.00898
861	2.0048
862	2.0321
863	2.06931
864	2.10481
865	2.13736
866	2.15874
867	2.17706
868	2.20179
869	2.2176
870	2.21527
871	2.20911
872	2.19945
873	2.18571
874	2.18644
875	2.19733
876	2.20084
877	2.20328
878	2.20955
879	2.2078
880	2.20475
881	2.21678
882	2.2278
883	2.23673
884	2.25867
885	2.27806
886	2.29662
887	2.31542
888	2.32258
889	2.33336
890	2.3474
891	2.35206
892	2.35013
893	2.35238
894	2.3654
895	2.36765
896	2.37078
897	2.39111
898	2.41078
899	2.43387
900	2.46079
901	2.48647
902	2.50126
903	2.51385
904	2.53171
905	2.53245
906	2.53061
907	2.54795
908	2.57171
909	2.59667
910	2.61715
911	2.61534
912	2.61313
913	2.62675
914	2.63173
915	2.63445
916	2.63553
917	2.63903
918	2.65301
919	2.68063
920	2.70897
921	2.72189
922	2.73754
923	2.75418
924	2.7725
925	2.79193
926	2.78462
927	2.76305
928	2.75355
929	2.75874
930	2.77544
931	2.77426
932	2.7662
933	2.76919
934	2.76976
935	2.7709
936	2.7796
937	2.79708
938	2.79303
939	2.77373
940	2.77034
941	2.77038
942	2.76272
943	2.76135
944	2.76329
945	2.76243
946	2.7555
947	2.75186
948	2.75987
949	2.77079
950	2.78537
951	2.80306
952	2.80941
953	2.80175
954	2.80515
955	2.81172
956	2.80795
957	2.80371
958	2.80132
959	2.80685
960	2.81713
961	2.82185
962	2.8352
963	2.85622
964	2.86519
965	2.86346
966	2.8719
967	2.88174
968	2.87619
969	2.87406
970	2.89546
971	2.90625
972	2.90173
973	2.90404
974	2.91024
975	2.90644
976	2.90874
977	2.92168
978	2.93821
979	2.94711
980	2.96461
981	3.00819
982	3.03723
983	3.05268
984	3.07062
985	3.09368
986	3.11335
987	3.11822
988	3.10854
989	3.10255
990	3.11614
991	3.13127
992	3.12799
993	3.11364
994	3.0982
995	3.0857
996	3.07858
997	3.08014
998	3.08224
999	3.08181
1000	3.07948
1001	3.07224
1002	3.06646
1003	3.07311
1004	3.08936
1005	3.1086
1006	3.10954
1007	3.10467
1008	3.10779
1009	3.10551
1010	3.10361
1011	3.10263
1012	3.08855
1013	3.06284
1014	3.0438
1015	3.02683
1016	3.00968
1017	2.9795
1018	2.93681
1019	2.90238
1020	2.8902
1021	2.88256
1022	2.86503
1023	2.84868
1024	2.84685
1025	2.84333
1026	2.82468
1027	2.822
1028	2.8212
1029	2.82368
1030	2.84727
1031	2.85665
1032	2.85867
1033	2.87927
1034	2.89379
1035	2.89392
1036	2.89203
1037	2.90004
1038	2.91993
1039	2.94073
1040	2.96287
1041	2.98601
1042	3.00169
1043	3.01792
1044	3.02097
1045	3.00059
1046	2.97944
1047	2.96221
1048	2.9529
1049	2.96225
1050	2.97787
1051	2.97482
1052	2.9704
1053	2.96296
1054	2.95101
1055	2.95245
1056	2.97132
1057	2.9818
1058	2.97533
1059	2.98038
1060	2.98105
1061	2.97877
1062	2.97799
1063	2.97921
1064	2.97589
1065	2.96389
1066	2.96346
1067	2.95493
1068	2.93185
1069	2.92413
1070	2.93028
1071	2.94879
1072	2.95647
1073	2.95835
1074	2.97979
1075	3.00229
1076	3.01597
1077	3.01749
1078	3.01851
1079	3.00701
1080	2.99102
1081	2.98237
1082	2.9806
1083	2.98391
1084	2.97797
1085	2.97104
1086	2.96876
1087	2.96446
1088	2.95945
1089	2.95003
1090	2.9303
1091	2.91451
1092	2.90991
1093	2.91388
1094	2.92558
1095	2.94113
1096	2.96226
1097	2.98287
1098	2.9948
1099	3.01007
1100	3.03777
1101	3.06621
1102	3.0723
1103	3.08138
1104	3.10084
1105	3.11415
1106	3.11058
1107	3.09825
1108	3.09021
1109	3.08505
1110	3.09318
1111	3.10458
1112	3.11641
1113	3.14032
1114	3.15423
1115	3.14772
1116	3.14732
1117	3.16215
1118	3.16241
1119	3.15201
1120	3.15663
1121	3.16751
1122	3.16858
1123	3.15932
1124	3.16963
1125	3.1881
1126	3.18762
1127	3.18977
1128	3.18695
1129	3.19125
1130	3.2135
1131	3.22288
1132	3.22295
1133	3.22237
1134	3.2287
1135	3.22638
1136	3.22329
1137	3.24613
1138	3.25464
1139	3.24496
1140	3.24463
1141	3.25244
1142	3.26612
1143	3.27576
1144	3.28523
1145	3.27933
1146	3.25993
1147	3.25105
1148	3.24547
1149	3.23457
1150	3.22875
1151	3.22101
1152	3.20063
1153	3.1904
1154	3.20232
1155	3.20886
1156	3.21374
1157	3.22688
1158	3.25081
1159	3.28197
1160	3.29629
1161	3.30779
1162	3.33348
1163	3.34383
1164	3.3457
1165	3.36219
1166	3.38311
1167	3.40463
1168	3.41594
1169	3.41198
1170	3.39549
1171	3.38276
1172	3.39252
1173	3.41387
1174	3.42904
1175	3.43822
1176	3.43894
1177	3.43167
1178	3.43144
1179	3.43337
1180	3.42414
1181	3.40531
1182	3.37146
1183	3.33959
1184	3.32492
1185	3.30769
1186	3.29089
1187	3.28224
1188	3.26036
1189	3.23162
1190	3.20656
1191	3.18039
1192	3.15385
1193	3.13696
1194	3.12215
1195	3.10017
1196	3.08999
1197	3.09268
1198	3.09166
1199	3.07375
1200	3.04565
1201	3.02895
1202	3.0165
1203	2.99789
1204	2.98776
1205	2.97914
1206	2.96213
1207	2.95132
1208	2.94491
1209	2.93386
1210	2.9239
1211	2.91487
1212	2.90369
1213	2.90701
1214	2.93568
1215	2.97217
1216	2.99113
1217	2.99331
1218	2.99761
1219	3.00015
1220	3.00422
1221	3.01097
1222	3.0159
1223	3.01823
1224	3.02212
1225	3.02592
1226	3.02743
1227	3.03035
1228	3.02452
1229	3.01565
1230	2.99728
1231	2.97881
1232	2.98712
1233	2.9954
1234	2.98234
1235	2.94891
1236	2.92854
1237	2.91236
1238	2.88216
1239	2.86904
1240	2.86684
1241	2.86953
1242	2.86519
1243	2.85582
1244	2.86061
1245	2.85137
1246	2.83252
1247	2.82995
1248	2.82976
1249	2.81678
1250	2.80286
1251	2.81056
1252	2.81382
1253	2.80413
1254	2.79659
1255	2.78612
1256	2.77238
1257	2.764
1258	2.77074
1259	2.78552
1260	2.79844
1261	2.79649
1262	2.78134
1263	2.77328
1264	2.77445
1265	2.78369
1266	2.80294
1267	2.81548
1268	2.82089
1269	2.83858
1270	2.85219
1271	2.86026
1272	2.86117
1273	2.85977
1274	2.87767
1275	2.90351
1276	2.92614
1277	2.94482
1278	2.95535
1279	2.95521
1280	2.95553
1281	2.94349
1282	2.92483
1283	2.92474
1284	2.93205
1285	2.92978
1286	2.92813
1287	2.93538
1288	2.92949
1289	2.91297
1290	2.91461
1291	2.93482
1292	2.95607
1293	2.96798
1294	2.97486
1295	2.98099
1296	2.98947
1297	3.00606
1298	3.00419
1299	2.98389
1300	2.97326
1301	2.97013
1302	2.97667
1303	2.97468
1304	2.95914
1305	2.94802
1306	2.94079
1307	2.94716
1308	2.96269
1309	2.97575
1310	2.97772
1311	2.97353
1312	2.96852
1313	2.9677
1314	2.9521
1315	2.91808
1316	2.90244
1317	2.89647
1318	2.9004
1319	2.90475
1320	2.90379
1321	2.8918
1322	2.86199
1323	2.8439
1324	2.85741
1325	2.89095
1326	2.91065
1327	2.91839
1328	2.92595
1329	2.94295
1330	2.96762
1331	2.9846
1332	2.9928
1333	3.00262
1334	3.02401
1335	3.03377
1336	3.04343
1337	3.05446
1338	3.03975
1339	3.02308
1340	3.02231
1341	3.02379
1342	3.02932
1343	3.03889
1344	3.0382
1345	3.03249
1346	3.02324
1347	3.025
1348	3.0415
1349	3.05155
1350	3.04812
1351	3.04564
1352	3.0519
1353	3.07116
1354	3.10441
1355	3.12866
1356	3.14004
1357	3.14551
1358	3.13717
1359	3.13167
1360	3.14331
1361	3.15028
1362	3.1636
1363	3.17864
1364	3.17776
1365	3.18454
1366	3.20798
1367	3.23381
1368	3.24636
1369	3.24122
1370	3.22844
1371	3.2171
1372	3.20223
1373	3.19793
1374	3.20692
1375	3.21974
1376	3.23785
1377	3.25399
1378	3.27132
1379	3.30454
1380	3.34101
1381	3.37185
1382	3.40342
1383	3.42458
1384	3.43558
1385	3.43698
1386	3.44126
1387	3.44582
1388	3.44216
1389	3.4479
1390	3.44023
1391	3.40955
1392	3.38362
1393	3.37728
1394	3.3686
1395	3.37645
1396	3.394
1397	3.39349
1398	3.39529
1399	3.40067
1400	3.41406
1401	3.4044
1402	3.3855
1403	3.36911
1404	3.3384
1405	3.32728
1406	3.32309
1407	3.31596
1408	3.31062
1409	3.30245
1410	3.30674
1411	3.31499
1412	3.31995
1413	3.3193
1414	3.31763
1415	3.32005
1416	3.30677
1417	3.29117
1418	3.28662
1419	3.29282
1420	3.29931
1421	3.29886
1422	3.29814
1423	3.28493
1424	3.27218
1425	3.27705
1426	3.2888
1427	3.30303
1428	3.32329
1429	3.33408
1430	3.33437
1431	3.33239
1432	3.32303
1433	3.3197
1434	3.32869
1435	3.35239
1436	3.40279
1437	3.44452
1438	3.47095
1439	3.49407
1440	3.49083
1441	3.47979
1442	3.49468
1443	3.52312
1444	3.54326
1445	3.55002
1446	3.54846
1447	3.54718
1448	3.54721
1449	3.5427
1450	3.52173
1451	3.4964
1452	3.46611
1453	3.42862
1454	3.40051
1455	3.37126
1456	3.34627
1457	3.33574
1458	3.3263
1459	3.31949
1460	3.31153
1461	3.28942
1462	3.26207
1463	3.22871
1464	3.17971
1465	3.13878
1466	3.11626
1467	3.09703
1468	3.09176
1469	3.08585
1470	3.0778
1471	3.08572
1472	3.09249
1473	3.08954
1474	3.07863
1475	3.06326
1476	3.05058
1477	3.04593
1478	3.04047
1479	3.03919
1480	3.03013
1481	3.00869
1482	3.0003
1483	3.00198
1484	2.98986
1485	2.96813
1486	2.95099
1487	2.92571
1488	2.90529
1489	2.90139
1490	2.89631
1491	2.88291
1492	2.86004
1493	2.84227
1494	2.83409
1495	2.81588
1496	2.78832
1497	2.7553
1498	2.71993
1499	2.69361
1500	2.6813
1501	2.67799
1502	2.68101
1503	2.6864
1504	2.67614
1505	2.65842
1506	2.6365
1507	2.6282
1508	2.64018
1509	2.64124
1510	2.63976
1511	2.63516
1512	2.6212
1513	2.59922
1514	2.57288
1515	2.55247
1516	2.53122
1517	2.50568
1518	2.48452
1519	2.46139
1520	2.44025
1521	2.4257
1522	2.41666
1523	2.42166
1524	2.44542
1525	2.47794
1526	2.50909
1527	2.51726
1528	2.51041
1529	2.51007
1530	2.52112
1531	2.53139
1532	2.54626
1533	2.56687
1534	2.56119
1535	2.55022
1536	2.54985
1537	2.54766
1538	2.54639
1539	2.56117
1540	2.56161
1541	2.54767
1542	2.53271
1543	2.5125
1544	2.49012
1545	2.46071
1546	2.43582
1547	2.42101
1548	2.40724
1549	2.38636
1550	2.35538
1551	2.31443
1552	2.27919
1553	2.26238
1554	2.24537
1555	2.22733
1556	2.2358
1557	2.2438
1558	2.22907
1559	2.22164
1560	2.21516
1561	2.1975
1562	2.18688
1563	2.18366
1564	2.16857
1565	2.14636
1566	2.1315
1567	2.11736
1568	2.11338
1569	2.09901
1570	2.07262
1571	2.07905
1572	2.10476
1573	2.11367
1574	2.12205
1575	2.14867
1576	2.17408
1577	2.17948
1578	2.16719
1579	2.15819
1580	2.15122
1581	2.13543
1582	2.12512
1583	2.12987
1584	2.142
1585	2.16304
1586	2.18791
1587	2.1956
1588	2.19871
1589	2.20782
1590	2.22753
1591	2.24984
1592	2.27393
1593	2.30672
1594	2.30796
1595	2.29787
1596	2.31354
1597	2.33409
1598	2.36131
1599	2.40869
1600	2.44502
1601	2.45921
1602	2.46791
1603	2.48484
1604	2.51738
1605	2.53587
1606	2.55048
1607	2.56045
1608	2.54808
1609	2.52728
1610	2.52756
1611	2.53212
1612	2.50501
1613	2.46634
1614	2.44166
1615	2.43483
1616	2.44616
1617	2.47915
1618	2.5121
1619	2.52987
1620	2.54613
1621	2.57223
1622	2.59613
1623	2.62207
1624	2.65803
1625	2.69223
1626	2.7253
1627	2.74835
1628	2.75197
1629	2.74148
1630	2.74417
1631	2.75529
1632	2.76035
1633	2.7651
1634	2.76444
1635	2.7614
1636	2.75767
1637	2.74751
1638	2.74133
1639	2.72438
1640	2.68807
1641	2.65834
1642	2.63605
1643	2.61852
1644	2.60331
1645	2.58844
1646	2.59428
1647	2.61595
1648	2.61892
1649	2.61983
1650	2.63299
1651	2.64212
1652	2.64358
1653	2.64436
1654	2.64351
1655	2.6343
1656	2.63064
1657	2.63575
1658	2.63695
1659	2.64639
1660	2.66383
1661	2.67948
1662	2.68781
1663	2.69399
1664	2.7016
1665	2.7143
1666	2.72962
1667	2.7299
1668	2.73519
1669	2.7455
1670	2.74253
1671	2.74813
1672	2.76441
1673	2.76816
1674	2.7826
1675	2.79012
1676	2.78598
1677	2.7996
1678	2.80096
1679	2.79401
1680	2.78033
1681	2.76113
1682	2.73796
1683	2.72245
1684	2.70995
1685	2.68157
1686	2.66005
1687	2.66507
1688	2.66108
1689	2.63313
1690	2.61278
1691	2.59323
1692	2.57194
1693	2.55493
1694	2.54361
1695	2.54353
1696	2.5463
1697	2.55378
1698	2.5553
1699	2.54093
1700	2.54712
1701	2.57183
1702	2.58409
1703	2.59635
1704	2.60498
1705	2.60726
1706	2.62209
1707	2.65476
1708	2.68125
1709	2.6816
1710	2.68477
1711	2.7113
1712	2.73112
1713	2.7346
1714	2.74593
1715	2.75874
1716	2.76713
1717	2.76764
1718	2.76177
1719	2.75628
1720	2.76144
1721	2.77436
1722	2.78133
1723	2.77404
1724	2.76295
1725	2.75856
1726	2.7609
1727	2.77163
1728	2.78524
1729	2.80086
1730	2.83521
1731	2.87838
1732	2.91042
1733	2.93557
1734	2.95357
1735	2.95829
1736	2.95816
1737	2.96113
1738	2.9589
1739	2.95773
1740	2.94595
1741	2.92123
1742	2.90465
1743	2.88604
1744	2.86811
1745	2.85957
1746	2.84716
1747	2.83297
1748	2.8126
1749	2.78701
1750	2.75397
1751	2.72448
1752	2.72146
1753	2.71955
1754	2.70459
1755	2.67129
1756	2.62489
1757	2.60555
1758	2.59664
1759	2.57265
1760	2.54117
1761	2.51795
1762	2.4974
1763	2.47026
1764	2.44149
1765	2.41556
1766	2.38523
1767	2.35772
1768	2.36034
1769	2.36127
1770	2.34531
1771	2.33516
1772	2.33678
1773	2.34256
1774	2.32991
1775	2.30097
1776	2.28328
1777	2.27357
1778	2.2632
1779	2.25059
1780	2.24391
1781	2.2549
1782	2.28542
1783	2.30738
1784	2.29972
1785	2.28816
1786	2.28788
1787	2.2927
1788	2.28612
1789	2.28126
1790	2.2948
1791	2.30211
1792	2.30329
1793	2.31827
1794	2.33141
1795	2.33847
1796	2.35069
1797	2.35814
1798	2.36642
1799	2.38291
1800	2.40351
1801	2.41678
1802	2.43608
1803	2.45441
1804	2.45814
1805	2.4732
1806	2.49248
1807	2.49291
1808	2.47417
1809	2.45756
1810	2.43812
1811	2.41976
1812	2.40481
1813	2.40682
1814	2.43091
1815	2.45952
1816	2.47113
1817	2.46961
1818	2.4744
1819	2.48133
1820	2.49967
1821	2.50147
1822	2.49095
1823	2.49162
1824	2.4954
1825	2.50552
1826	2.52231
1827	2.5241
1828	2.51244
1829	2.51287
1830	2.52404
1831	2.54043
1832	2.5503
1833	2.54532
1834	2.54541
1835	2.55309
1836	2.55415
1837	2.55795
1838	2.55456
1839	2.54574
1840	2.54111
1841	2.52599
1842	2.50453
1843	2.49716
1844	2.48439
1845	2.44918
1846	2.41892
1847	2.39718
1848	2.37481
1849	2.35728
1850	2.33974
1851	2.30606
1852	2.29168
1853	2.30844
1854	2.31453
1855	2.30396
1856	2.29005
1857	2.28013
1858	2.27546
1859	2.28689
1860	2.30153
1861	2.30563
1862	2.31498
1863	2.32547
1864	2.32994
1865	2.31064
1866	2.27222
1867	2.23666
1868	2.21611
1869	2.19261
1870	2.16347
1871	2.15365
1872	2.15555
1873	2.16884
1874	2.18878
1875	2.19402
1876	2.19229
1877	2.20081
1878	2.21472
1879	2.21739
1880	2.19328
1881	2.1808
1882	2.16696
1883	2.14071
1884	2.14076
1885	2.14845
1886	2.14071
1887	2.13572
1888	2.13754
1889	2.12667
1890	2.11971
1891	2.11354
1892	2.10579
1893	2.11863
1894	2.12866
1895	2.11527
1896	2.09246
1897	2.07148
1898	2.06644
1899	2.06671
1900	2.06146
1901	2.06096
1902	2.06204
1903	2.05966
1904	2.04896
1905	2.0522
1906	2.07186
1907	2.07819
1908	2.0794
1909	2.10581
1910	2.14183
1911	2.16915
1912	2.18571
1913	2.19021
1914	2.20126
1915	2.21487
1916	2.22041
1917	2.21521
1918	2.21131
1919	2.20255
1920	2.19181
1921	2.18854
1922	2.18637
1923	2.18454
1924	2.19434
1925	2.2028
1926	2.2146
1927	2.24712
1928	2.28144
1929	2.32029
1930	2.35349
1931	2.36589
1932	2.39242
1933	2.43673
1934	2.46919
1935	2.4879
1936	2.51033
1937	2.54403
1938	2.56615
1939	2.56317
1940	2.55715
1941	2.56285
1942	2.56678
1943	2.55923
1944	2.54608
1945	2.54041
1946	2.52276
1947	2.50532
1948	2.4929
1949	2.49234
1950	2.50899
1951	2.51395
1952	2.52857
1953	2.54602
1954	2.5685
1955	2.5907
1956	2.59983
1957	2.61419
1958	2.61891
1959	2.6183
1960	2.60313
1961	2.58121
1962	2.57212
1963	2.56377
1964	2.5721
1965	2.59153
1966	2.5989
1967	2.60904
1968	2.61626
1969	2.61082
1970	2.61238
1971	2.61847
1972	2.61378
1973	2.60661
1974	2.60072
1975	2.59991
1976	2.60423
1977	2.58926
1978	2.57707
1979	2.58294
1980	2.5782
1981	2.57259
1982	2.57474
1983	2.58434
1984	2.60517
1985	2.61532
1986	2.61021
1987	2.61245
1988	2.61762
1989	2.62073
1990	2.62526
1991	2.62965
1992	2.63503
1993	2.63184
1994	2.62453
1995	2.61618
1996	2.60492
1997	2.58118
1998	2.55328
1999	2.53143
2000	2.51485
2001	2.49602
2002	2.46458
2003	2.4309
2004	2.41544
2005	2.41313
2006	2.40021
2007	2.38967
2008	2.37232
2009	2.33554
2010	2.30131
2011	2.27435
2012	2.26525
2013	2.26474
2014	2.24393
2015	2.23267
2016	2.23966
2017	2.23833
2018	2.22999
2019	2.20789
2020	2.17625
2021	2.15809
2022	2.13771
2023	2.12127
2024	2.11509
2025	2.09504
2026	2.06869
2027	2.05278
2028	2.05555
2029	2.05397
2030	2.04636
2031	2.05726
2032	2.07581
2033	2.08979
2034	2.10332
2035	2.12256
2036	2.14393
2037	2.15299
2038	2.15497
2039	2.16106
2040	2.16794
2041	2.17928
2042	2.1918
2043	2.19997
2044	2.20907
2045	2.21984
2046	2.24113
2047	2.24649
2048	2.24252
2049	2.2489
2050	2.25958
2051	2.27659
2052	2.28693
2053	2.29033
2054	2.28533
2055	2.28049
2056	2.28278
2057	2.29042
2058	2.30619
2059	2.32293
2060	2.31626
2061	2.30517
2062	2.29999
2063	2.29812
2064	2.28732
2065	2.2641
2066	2.25356
2067	2.23914
2068	2.22344
2069	2.20512
2070	2.18511
2071	2.18444
2072	2.19308
2073	2.18675
2074	2.16945
2075	2.15301
2076	2.14459
2077	2.15613
2078	2.17955
2079	2.20234
2080	2.20938
2081	2.20715
2082	2.20331
2083	2.19115
2084	2.19699
2085	2.21727
2086	2.23291
2087	2.24076
2088	2.2319
2089	2.2304
2090	2.24138
2091	2.24225
2092	2.24279
2093	2.25554
2094	2.27237
2095	2.30256
2096	2.33324
2097	2.36096
2098	2.40194
2099	2.4445
2100	2.47629
2101	2.5079
2102	2.54793
2103	2.57864
2104	2.59395
2105	2.60966
2106	2.64212
2107	2.68482
2108	2.70695
2109	2.71249
2110	2.73116
2111	2.7556
2112	2.78434
2113	2.80683
2114	2.82131
2115	2.84707
2116	2.86516
2117	2.87108
2118	2.8747
2119	2.87088
2120	2.86888
2121	2.87161
2122	2.88955
2123	2.9175
2124	2.93923
2125	2.95891
2126	2.96308
2127	2.96104
2128	2.96573
2129	2.97182
2130	2.97233
2131	2.96906
2132	2.9713
2133	2.98018
2134	2.99049
2135	2.99381
2136	2.99622
2137	2.99012
2138	2.99503
2139	3.0013
2140	2.97951
2141	2.96907
2142	2.97864
2143	2.97815
2144	2.96171
2145	2.94788
2146	2.94048
2147	2.93617
2148	2.93547
2149	2.93097
2150	2.90893
2151	2.89709
2152	2.89371
2153	2.87726
2154	2.87039
2155	2.87692
2156	2.87649
2157	2.87358
2158	2.87307
2159	2.84897
2160	2.81439
2161	2.78413
2162	2.7602
2163	2.73189
2164	2.70041
2165	2.67815
2166	2.659
2167	2.65165
2168	2.6668
2169	2.67482
2170	2.67717
2171	2.67552
2172	2.66267
2173	2.64587
2174	2.61926
2175	2.5946
2176	2.57084
2177	2.55546
2178	2.54981
2179	2.53715
2180	2.51757
2181	2.50348
2182	2.49913
2183	2.50003
2184	2.50422
2185	2.49845
2186	2.49544
2187	2.52171
2188	2.55526
2189	2.58123
2190	2.59404
2191	2.59847
2192	2.61829
2193	2.63124
2194	2.63931
2195	2.64849
2196	2.64499
2197	2.63575
2198	2.63166
2199	2.63603
2200	2.63084
2201	2.62997
2202	2.63071
2203	2.6161
2204	2.60192
2205	2.59867
2206	2.59797
2207	2.60111
2208	2.61378
2209	2.62721
2210	2.64455
2211	2.66181
2212	2.67654
2213	2.69098
2214	2.69091
2215	2.67887
2216	2.66737
2217	2.66547
2218	2.67112
2219	2.67507
2220	2.66552
2221	2.64726
2222	2.63575
2223	2.64396
2224	2.65631
2225	2.65345
2226	2.65958
2227	2.66955
2228	2.68318
2229	2.70813
2230	2.72433
2231	2.72907
2232	2.74432
2233	2.75624
2234	2.75645
2235	2.75668
2236	2.75404
2237	2.74403
2238	2.73199
2239	2.72568
2240	2.71911
2241	2.72511
2242	2.723
2243	2.70907
2244	2.70891
2245	2.7194
2246	2.7252
2247	2.75051
2248	2.7787
2249	2.77416
2250	2.78335
2251	2.80172
2252	2.80891
2253	2.81299
2254	2.8166
2255	2.82186
2256	2.83531
2257	2.862
2258	2.8927
2259	2.92722
2260	2.95528
2261	2.96213
2262	2.97042
2263	2.989
2264	3.01091
2265	3.03488
2266	3.05434
2267	3.06632
2268	3.07449
2269	3.10208
2270	3.13293
2271	3.14941
2272	3.1586
2273	3.16708
2274	3.17454
2275	3.18081
2276	3.18193
2277	3.17802
2278	3.18795
2279	3.20765
2280	3.23337
2281	3.26999
2282	3.29281
2283	3.29397
2284	3.28906
2285	3.28932
2286	3.31604
2287	3.35848
2288	3.39064
2289	3.39542
2290	3.38169
2291	3.36125
2292	3.33573
2293	3.31313
2294	3.29267
2295	3.27942
2296	3.27511
2297	3.27538
2298	3.27554
2299	3.28357
2300	3.30789
2301	3.3298
2302	3.34428
2303	3.35016
2304	3.34516
2305	3.34131
2306	3.33252
2307	3.32196
2308	3.31802
2309	3.31036
2310	3.30625
2311	3.30827
2312	3.28472
2313	3.24834
2314	3.21706
2315	3.17887
2316	3.14994
2317	3.13979
2318	3.13424
2319	3.13638
2320	3.14017
2321	3.13431
2322	3.13376
2323	3.13594
2324	3.12518
2325	3.10034
2326	3.08042
2327	3.0706
2328	3.05657
2329	3.03416
2330	3.01056
2331	2.98801
2332	2.97015
2333	2.94909
2334	2.92449
2335	2.90193
2336	2.87422
2337	2.84873
2338	2.8398
2339	2.84446
2340	2.84295
2341	2.82878
2342	2.8207
2343	2.82317
2344	2.82269
2345	2.84698
2346	2.87809
2347	2.89444
2348	2.9237
2349	2.95214
2350	2.96377
2351	2.96077
2352	2.9532
2353	2.94883
2354	2.9345
2355	2.90335
2356	2.86183
2357	2.833
2358	2.82167
2359	2.80936
2360	2.79265
2361	2.78748
2362	2.78887
2363	2.77933
2364	2.77885
2365	2.78084
2366	2.77984
2367	2.78157
2368	2.77832
2369	2.76572
2370	2.75731
2371	2.76261
2372	2.76307
2373	2.75862
2374	2.76096
2375	2.76761
2376	2.77592
2377	2.78193
2378	2.79345
2379	2.80701
2380	2.81119
2381	2.81718
2382	2.82641
2383	2.84487
2384	2.86828
2385	2.89291
2386	2.92489
2387	2.96137
2388	2.9938
2389	3.01618
2390	3.05234
2391	3.08274
2392	3.09559
2393	3.10938
2394	3.11568
2395	3.12057
2396	3.1348
2397	3.15364
2398	3.16574
2399	3.18858
2400	3.21762
2401	3.24701
2402	3.27632
2403	3.2811
2404	3.27816
2405	3.27416
2406	3.26149
2407	3.25096
2408	3.24287
2409	3.23357
2410	3.2248
2411	3.21043
2412	3.19709
2413	3.1859
2414	3.16946
2415	3.14614
2416	3.12959
2417	3.11903
2418	3.10788
2419	3.10823
2420	3.10254
2421	3.0852
2422	3.08339
2423	3.08826
2424	3.0887
2425	3.09585
2426	3.10302
2427	3.09957
2428	3.08309
2429	3.07408
2430	3.07319
2431	3.07778
2432	3.10693
2433	3.1456
2434	3.16747
2435	3.17504
2436	3.19079
2437	3.20401
2438	3.20949
2439	3.2226
2440	3.22984
2441	3.24731
2442	3.27653
2443	3.29123
2444	3.29812
2445	3.30241
2446	3.29894
2447	3.29844
2448	3.29891
2449	3.31003
2450	3.31379
2451	3.30737
2452	3.3056
2453	3.29285
2454	3.28372
2455	3.28387
2456	3.28158
2457	3.28471
2458	3.29259
2459	3.28318
2460	3.27162
2461	3.27175
2462	3.26536
2463	3.26146
2464	3.26025
2465	3.25916
2466	3.25996
2467	3.25711
2468	3.2574
2469	3.2495
2470	3.23184
2471	3.21428
2472	3.19788
2473	3.18177
2474	3.18082
2475	3.17841
2476	3.17595
2477	3.1822
2478	3.1762
2479	3.16184
2480	3.13453
2481	3.09857
2482	3.07967
2483	3.07065
2484	3.04909
2485	3.0156
2486	2.99245
2487	2.97823
2488	2.96076
2489	2.95839
2490	2.96064
2491	2.94595
2492	2.92308
2493	2.91039
2494	2.8997
2495	2.89805
2496	2.90102
2497	2.87694
2498	2.84155
2499	2.83204
2500	2.84148
2501	2.83971
2502	2.84169
2503	2.8459
2504	2.83932
2505	2.82593
2506	2.81786
2507	2.8065
2508	2.77811
2509	2.75923
2510	2.733
2511	2.69594
2512	2.66453
2513	2.63542
2514	2.61302
2515	2.59517
2516	2.57619
2517	2.54972
2518	2.53886
2519	2.5461
2520	2.55274
2521	2.56015
2522	2.56091
2523	2.5705
2524	2.58138
2525	2.57112
2526	2.55701
2527	2.5608
2528	2.56454
2529	2.544
2530	2.50806
2531	2.48129
2532	2.48447
2533	2.48704
2534	2.47784
2535	2.46358
2536	2.44649
2537	2.44751
2538	2.45919
2539	2.4571
2540	2.44581
2541	2.44312
2542	2.44948
2543	2.45779
2544	2.4554
2545	2.45034
2546	2.45867
2547	2.47457
2548	2.48659
2549	2.50319
2550	2.51703
2551	2.50957
2552	2.5026
2553	2.51533
2554	2.52376
2555	2.52059
2556	2.5046
2557	2.49016
2558	2.49134
2559	2.48661
2560	2.47402
2561	2.45771
2562	2.45477
2563	2.45768
2564	2.45308
2565	2.45103
2566	2.44108
2567	2.42768
2568	2.43092
2569	2.45483
2570	2.48767
2571	2.5111
2572	2.52654
2573	2.53003
2574	2.53089
2575	2.53869
2576	2.53677
2577	2.53033
2578	2.52927
2579	2.52141
2580	2.5221
2581	2.54057
2582	2.54674
2583	2.54193
2584	2.52631
2585	2.49811
2586	2.47987
2587	2.47633
2588	2.46638
2589	2.46032
2590	2.45387
2591	2.42249
2592	2.39156
2593	2.36633
2594	2.33604
2595	2.30669
2596	2.29128
2597	2.30027
2598	2.32226
2599	2.31901
2600	2.29255
2601	2.28354
2602	2.2772
2603	2.27688
2604	2.26046
2605	2.23386
2606	2.23478
2607	2.24507
2608	2.25975
2609	2.27036
2610	2.28534
2611	2.29331
2612	2.27975
2613	2.26494
2614	2.24767
2615	2.21899
2616	2.18901
2617	2.16726
2618	2.1403
2619	2.10385
2620	2.06502
2621	2.02257
2622	1.97964
2623	1.94084
2624	1.92132
2625	1.89551
2626	1.85258
2627	1.81377
2628	1.7725
2629	1.73316
2630	1.69836
2631	1.67525
2632	1.66402
2633	1.65239
2634	1.63998
2635	1.62032
2636	1.60452
2637	1.59553
2638	1.58015
2639	1.5721
2640	1.56024
2641	1.54724
2642	1.52798
2643	1.50465
2644	1.50575
2645	1.49587
2646	1.48685
2647	1.49532
2648	1.48797
2649	1.47319
2650	1.47811
2651	1.483
2652	1.4873
2653	1.4912
2654	1.48055
2655	1.46302
2656	1.45167
2657	1.44268
2658	1.4232
2659	1.41071
2660	1.39313
2661	1.37419
2662	1.35402
2663	1.32773
2664	1.32221
2665	1.33093
2666	1.31869
2667	1.29329
2668	1.27573
2669	1.266
2670	1.25189
2671	1.23721
2672	1.23843
2673	1.25031
2674	1.26099
2675	1.26922
2676	1.28148
2677	1.28991
2678	1.29754
2679	1.31246
2680	1.32959
2681	1.3365
2682	1.34484
2683	1.35616
2684	1.35548
2685	1.35511
2686	1.36539
2687	1.37047
2688	1.36621
2689	1.36935
2690	1.37845
2691	1.39275
2692	1.40668
2693	1.40934
2694	1.40421
2695	1.40688
2696	1.40586
2697	1.39637
2698	1.39178
2699	1.38297
2700	1.36335
2701	1.35004
2702	1.35402
2703	1.35631
2704	1.33925
2705	1.31431
2706	1.2914
2707	1.26516
2708	1.23831
2709	1.22105
2710	1.20276
2711	1.18636
2712	1.18418
2713	1.18902
2714	1.18343
2715	1.16874
2716	1.15161
2717	1.14098
2718	1.14079
2719	1.14637
2720	1.15631
2721	1.15709
2722	1.15165
2723	1.14015
2724	1.13152
2725	1.1193
2726	1.08173
2727	1.05301
2728	1.03794
2729	0.997971
2730	0.968202
2731	0.966751
2732	0.96677
2733	0.971609
2734	0.968937
2735	0.940576
2736	0.919849
2737	0.905413
2738	0.879636
2739	0.85656
2740	0.836545
2741	0.81618
2742	0.795382
2743	0.78465
2744	0.790541
2745	0.785798
2746	0.770676
2747	0.762945
2748	0.77292
2749	0.785899
2750	0.793324
2751	0.807198
2752	0.82158
2753	0.832347
2754	0.840605
2755	0.851612
2756	0.854395
2757	0.859755
2758	0.86242
2759	0.847734
2760	0.823202
2761	0.806368
2762	0.811984
2763	0.819698
2764	0.822793
2765	0.827055
2766	0.82706
2767	0.819226
2768	0.813751
2769	0.822956
2770	0.83639
2771	0.841986
2772	0.840273
2773	0.839425
2774	0.837655
2775	0.852592
2776	0.874576
2777	0.885702
2778	0.896271
2779	0.906854
2780	0.92505
2781	0.960072
2782	1.00195
2783	1.04124
2784	1.09024
2785	1.14241
2786	1.18767
2787	1.22794
2788	1.26668
2789	1.30561
2790	1.32939
2791	1.33561
2792	1.34881
2793	1.37824
2794	1.41538
2795	1.44541
2796	1.47302
2797	1.5193
2798	1.55587
2799	1.56039
2800	1.56897
2801	1.58453
2802	1.59615
2803	1.60661
2804	1.62555
2805	1.64962
2806	1.66658
2807	1.6804
2808	1.70945
2809	1.74228
2810	1.75341
2811	1.76234
2812	1.78001
2813	1.7975
2814	1.81959
2815	1.8482
2816	1.8878
2817	1.92558
2818	1.9571
2819	1.9928
2820	2.01016
2821	2.02859
2822	2.06002
2823	2.09148
2824	2.1277
2825	2.15755
2826	2.17868
2827	2.19771
2828	2.21872
2829	2.24858
2830	2.26734
2831	2.281
2832	2.29661
2833	2.29362
2834	2.29211
2835	2.29838
2836	2.29532
2837	2.28011
2838	2.27656
2839	2.28456
2840	2.27745
2841	2.27219
2842	2.27275
2843	2.26155
2844	2.25406
2845	2.25642
2846	2.26177
2847	2.2739
2848	2.27918
2849	2.27951
2850	2.28536
2851	2.29439
2852	2.29048
2853	2.27741
2854	2.26884
2855	2.25675
2856	2.25009
2857	2.231
2858	2.2112
2859	2.20267
2860	2.16686
2861	2.10959
2862	2.05758
2863	2.02523
2864	2.0212
2865	2.01286
2866	2.00356
2867	1.99311
2868	1.96268
2869	1.93227
2870	1.89116
2871	1.86075
2872	1.85252
2873	1.84681
2874	1.83934
2875	1.83646
2876	1.84986
2877	1.86358
2878	1.85507
2879	1.82619
2880	1.80338
2881	1.79731
2882	1.79702
2883	1.80176
2884	1.80453
2885	1.80398
2886	1.80118
2887	1.79287
2888	1.78661
2889	1.78592
2890	1.78161
2891	1.77783
2892	1.77577
2893	1.76222
2894	1.75552
2895	1.75448
2896	1.75003
2897	1.75648
2898	1.77063
2899	1.77303
2900	1.75874
2901	1.76004
2902	1.7849
2903	1.79945
2904	1.81057
2905	1.82477
2906	1.8286
2907	1.82347
2908	1.81657
2909	1.82016
2910	1.83709
2911	1.86814
2912	1.90315
2913	1.9358
2914	1.96352
2915	1.9874
2916	2.02559
2917	2.05552
2918	2.05934
2919	2.06516
2920	2.08101
2921	2.09385
2922	2.09447
2923	2.10486
2924	2.12169
2925	2.13446
2926	2.15025
2927	2.18125
2928	2.21123
2929	2.22387
2930	2.24277
2931	2.25228
2932	2.25448
2933	2.25608
2934	2.25497
2935	2.26262
2936	2.27116
2937	2.28912
2938	2.30961
2939	2.32395
2940	2.34297
2941	2.3669
2942	2.39518
2943	2.43449
2944	2.47657
2945	2.51076
2946	2.54174
2947	2.56657
2948	2.59124
2949	2.6233
2950	2.65175
2951	2.66983
2952	2.68286
2953	2.69993
2954	2.72805
2955	2.75481
2956	2.78194
2957	2.8112
2958	2.83459
2959	2.85807
2960	2.88669
2961	2.91864
2962	2.94631
2963	2.95936
2964	2.96489
2965	2.9621
2966	2.96009
2967	2.94304
2968	2.91966
2969	2.93606
2970	2.95966
2971	2.96209
2972	2.95926
2973	2.95595
2974	2.95296
2975	2.95467
2976	2.95158
2977	2.9419
2978	2.9453
2979	2.967
2980	2.98575
2981	2.99786
2982	3.00365
2983	2.98905
2984	2.9847
2985	3.01366
2986	3.03431
2987	3.04594
2988	3.06952
2989	3.07928
2990	3.09327
2991	3.11327
2992	3.11413
2993	3.11452
2994	3.11919
2995	3.12273
2996	3.14159
2997	3.16769
2998	3.1706
2999	3.16581
3000	3.16771
3001	3.16963
3002	3.17057
3003	3.1584
3004	3.14379
3005	3.13566
3006	3.13628
3007	3.13874
3008	3.13336
3009	3.12738
3010	3.12939
3011	3.14335
3012	3.16097
3013	3.18401
3014	3.20907
3015	3.22036
3016	3.22457
3017	3.2442
3018	3.27543
3019	3.30103
3020	3.30752
3021	3.31767
3022	3.3336
3023	3.35348
3024	3.37724
3025	3.40202
3026	3.43146
3027	3.45863
3028	3.4724
3029	3.47153
3030	3.47237
3031	3.4761
3032	3.47579
3033	3.48069
3034	3.49769
3035	3.51511
3036	3.52918
3037	3.53666
3038	3.54111
3039	3.54292
3040	3.53821
3041	3.53472
3042	3.54173
3043	3.54953
3044	3.54943
3045	3.56372
3046	3.58753
3047	3.60202
3048	3.61406
3049	3.62927
3050	3.653
3051	3.67992
3052	3.70667
3053	3.72699
3054	3.73606
3055	3.73911
3056	3.73337
3057	3.73607
3058	3.75696
3059	3.78873
3060	3.81806
3061	3.84866
3062	3.87236
3063	3.88768
3064	3.89573
3065	3.90252
3066	3.92647
3067	3.94819
3068	3.96663
3069	3.97657
3070	3.97417
3071	3.97126
3072	3.97527
3073	3.98738
3074	4.00007
3075	4.00289
3076	4.00199
3077	3.99615
3078	3.987
3079	3.99194
3080	3.99917
3081	3.98994
3082	3.97966
3083	3.98784
3084	4.00488
3085	4.00749
3086	3.99895
3087	4.00261
3088	4.01075
3089	4.01296
3090	4.01971
3091	4.01931
3092	4.00357
3093	3.99575
3094	4.00084
3095	4.01172
3096	4.02006
3097	4.02643
3098	4.03044
3099	4.01805
3100	4.01321
3101	4.02976
3102	4.04837
3103	4.06121
3104	4.07485
3105	4.08944
3106	4.10843
3107	4.14512
3108	4.19099
3109	4.22849
3110	4.25012
3111	4.26758
3112	4.27074
3113	4.26208
3114	4.26332
3115	4.2706
3116	4.27649
3117	4.2785
3118	4.28355
3119	4.27301
3120	4.26013
3121	4.258
3122	4.26463
3123	4.27373
3124	4.26964
3125	4.27954
3126	4.31564
3127	4.35409
3128	4.38478
3129	4.40133
3130	4.40611
3131	4.39415
3132	4.36992
3133	4.37193
3134	4.37572
3135	4.36729
3136	4.37212
3137	4.38297
3138	4.37559
3139	4.35944
3140	4.3548
3141	4.34565
3142	4.34548
3143	4.36228
3144	4.38073
3145	4.39022
3146	4.38264
3147	4.37551
3148	4.38836
3149	4.41324
3150	4.42358
3151	4.43198
3152	4.44436
3153	4.4528
3154	4.45777
3155	4.46542
3156	4.48162
3157	4.49783
3158	4.5115
3159	4.52236
3160	4.53763
3161	4.53838
3162	4.53354
3163	4.53988
3164	4.55148
3165	4.56615
3166	4.57732
3167	4.57557
3168	4.58241
3169	4.59491
3170	4.59497
3171	4.61006
3172	4.63696
3173	4.65681
3174	4.67656
3175	4.69431
3176	4.71255
3177	4.74945
3178	4.77558
3179	4.7946
3180	4.82392
3181	4.85389
3182	4.88683
3183	4.91214
3184	4.91876
3185	4.91956
3186	4.9294
3187	4.93912
3188	4.95478
3189	4.97875
3190	4.99778
3191	5.01959
3192	5.0312
3193	5.03383
3194	5.04965
3195	5.08098
3196	5.10079
3197	5.10524
3198	5.11901
3199	5.12739
3200	5.12126
3201	5.12406
3202	5.14
3203	5.14562
3204	5.15051
3205	5.14992
3206	5.13379
3207	5.12344
3208	5.11404
3209	5.09993
3210	5.09602
3211	5.09785
3212	5.09689
3213	5.08287
3214	5.07162
3215	5.0843
3216	5.08246
3217	5.06991
3218	5.06793
3219	5.06364
3220	5.04814
3221	5.03133
3222	5.0362
3223	5.04748
3224	5.05286
3225	5.06121
3226	5.06142
3227	5.03997
3228	5.0201
3229	5.01513
3230	5.01092
3231	5.0032
3232	4.98714
3233	4.96871
3234	4.97179
3235	4.99233
3236	5.0077
3237	5.02271
3238	5.03836
3239	5.04618
3240	5.04921
3241	5.05383
3242	5.06797
3243	5.08247
3244	5.08493
3245	5.09347
3246	5.10269
3247	5.10458
3248	5.11033
3249	5.11457
3250	5.1117
3251	5.10896
3252	5.11702
3253	5.13415
3254	5.15108
3255	5.16195
3256	5.16453
3257	5.16311
3258	5.15378
3259	5.12495
3260	5.11112
3261	5.10427
3262	5.08282
3263	5.06142
3264	5.03407
3265	5.02019
3266	5.00243
3267	4.98392
3268	4.99104
3269	4.99793
3270	5.01506
3271	5.04074
3272	5.05414
3273	5.05389
3274	5.04777
3275	5.03537
3276	5.02343
3277	5.0098
3278	5.00139
3279	5.00592
3280	4.98964
3281	4.96741
3282	4.95199
3283	4.94921
3284	4.95725
3285	4.95808
3286	4.94416
3287	4.91614
3288	4.89363
3289	4.86834
3290	4.84291
3291	4.82767
3292	4.80941
3293	4.7866
3294	4.76783
3295	4.75216
3296	4.7378
3297	4.724
3298	4.71604
3299	4.70639
3300	4.68244
3301	4.66535
3302	4.65145
3303	4.63756
3304	4.6319
3305	4.6234
3306	4.61655
3307	4.60111
3308	4.59676
3309	4.59753
3310	4.59005
3311	4.59836
3312	4.61366
3313	4.61293
3314	4.60432
3315	4.60016
3316	4.58815
3317	4.56204
3318	4.53716
3319	4.51756
3320	4.49351
3321	4.47897
3322	4.47454
3323	4.47194
3324	4.4518
3325	4.42819
3326	4.41989
3327	4.39545
3328	4.3576
3329	4.32962
3330	4.31193
3331	4.29852
3332	4.28389
3333	4.289
3334	4.30111
3335	4.29664
3336	4.28117
3337	4.25689
3338	4.25593
3339	4.2761
3340	4.27838
3341	4.27869
3342	4.27591
3343	4.2729
3344	4.26476
3345	4.25313
3346	4.24859
3347	4.23857
3348	4.23131
3349	4.22783
3350	4.21716
3351	4.19917
3352	4.18697
3353	4.18366
3354	4.17531
3355	4.16353
3356	4.138
3357	4.08751
3358	4.0453
3359	4.01777
3360	3.99659
3361	3.97166
3362	3.95529
3363	3.94929
3364	3.93753
3365	3.93271
3366	3.92639
3367	3.89435
3368	3.851
3369	3.82862
3370	3.82577
3371	3.82996
3372	3.84033
3373	3.85443
3374	3.87525
3375	3.88626
3376	3.89811
3377	3.90421
3378	3.88388
3379	3.85981
3380	3.84959
3381	3.85197
3382	3.8492
3383	3.84769
3384	3.84324
3385	3.82824
3386	3.82321
3387	3.82726
3388	3.83056
3389	3.82585
3390	3.81475
3391	3.81117
3392	3.80633
3393	3.80295
3394	3.80231
3395	3.79591
3396	3.79838
3397	3.80856
3398	3.82483
3399	3.84999
3400	3.86183
3401	3.85616
3402	3.85006
3403	3.83481
3404	3.82469
3405	3.83859
3406	3.85641
3407	3.87964
3408	3.91347
3409	3.9469
3410	3.97947
3411	4.00897
3412	4.0418
3413	4.07377
3414	4.08814
3415	4.09161
3416	4.09887
3417	4.11737
3418	4.13624
3419	4.15767
3420	4.17939
3421	4.19118
3422	4.19767
3423	4.19274
3424	4.19186
3425	4.2076
3426	4.22308
3427	4.2355
3428	4.25548
3429	4.28113
3430	4.29869
3431	4.31341
3432	4.32852
3433	4.34141
3434	4.34895
3435	4.34629
3436	4.34463
3437	4.3368
3438	4.3185
3439	4.30374
3440	4.29382
3441	4.30413
3442	4.3251
3443	4.33766
3444	4.3411
3445	4.34561
3446	4.37441
3447	4.39982
3448	4.40248
3449	4.39458
3450	4.38478
3451	4.36843
3452	4.34645
3453	4.33358
3454	4.32087
3455	4.29704
3456	4.27658
3457	4.26407
3458	4.25067
3459	4.23851
3460	4.21918
3461	4.19591
3462	4.18038
3463	4.16567
3464	4.14472
3465	4.12829
3466	4.1183
3467	4.10957
3468	4.09971
3469	4.08008
3470	4.06247
3471	4.04699
3472	4.02076
3473	3.98349
3474	3.9502
3475	3.91795
3476	3.88313
3477	3.86473
3478	3.85476
3479	3.83695
3480	3.81548
3481	3.79989
3482	3.80215
3483	3.80862
3484	3.80029
3485	3.78729
3486	3.77358
3487	3.7595
3488	3.76026
3489	3.77758
3490	3.78609
3491	3.80053
3492	3.82421
3493	3.83924
3494	3.8375
3495	3.82809
3496	3.82139
3497	3.81359
3498	3.80201
3499	3.77985
3500	3.74959
3501	3.71985
3502	3.68823
3503	3.65893
3504	3.64215
3505	3.63673
3506	3.63205
3507	3.62836
3508	3.61942
3509	3.61134
3510	3.62542
3511	3.62621
3512	3.61063
3513	3.60601
3514	3.61038
3515	3.60843
3516	3.59753
3517	3.58231
3518	3.57367
3519	3.56839
3520	3.54998
3521	3.5384
3522	3.53295
3523	3.52652
3524	3.5258
3525	3.51025
3526	3.48426
3527	3.46696
3528	3.44756
3529	3.42286
3530	3.39882
3531	3.38671
3532	3.39867
3533	3.4221
3534	3.44075
3535	3.45933
3536	3.48311
3537	3.51102
3538	3.53724
3539	3.54896
3540	3.53907
3541	3.53903
3542	3.56352
3543	3.5798
3544	3.59392
3545	3.61204
3546	3.62154
3547	3.63965
3548	3.66805
3549	3.68975
3550	3.69582
3551	3.68767
3552	3.69963
3553	3.72583
3554	3.75288
3555	3.78625
3556	3.81957
3557	3.8514
3558	3.86997
3559	3.88595
3560	3.9066
3561	3.93522
3562	3.96543
3563	3.98631
3564	3.99756
3565	4.01689
3566	4.03804
3567	4.0507
3568	4.07466
3569	4.10623
3570	4.12977
3571	4.1431
3572	4.16243
3573	4.18715
3574	4.21393
3575	4.23564
3576	4.23743
3577	4.24451
3578	4.2759
3579	4.2949
3580	4.30771
3581	4.32701
3582	4.33143
3583	4.33288
3584	4.34772
3585	4.36287
3586	4.38071
3587	4.40742
3588	4.43688
3589	4.46377
3590	4.48822
3591	4.50858
3592	4.52666
3593	4.53619
3594	4.53188
3595	4.53405
3596	4.55435
3597	4.57555
3598	4.58991
3599	4.5991
3600	4.60477
3601	4.61431
3602	4.62334
3603	4.62794
3604	4.62586
3605	4.61404
3606	4.59651
3607	4.59004
3608	4.59179
3609	4.60017
3610	4.60098
3611	4.59269
3612	4.59878
3613	4.61415
3614	4.61401
3615	4.60371
3616	4.58149
3617	4.54835
3618	4.522
3619	4.51709
3620	4.51274
3621	4.5074
3622	4.50938
3623	4.50583
3624	4.48976
3625	4.46145
3626	4.43549
3627	4.40784
3628	4.36783
3629	4.31938
3630	4.27573
3631	4.23703
3632	4.2177
3633	4.20158
3634	4.16403
3635	4.11667
3636	4.08293
3637	4.06065
3638	4.03428
3639	3.99762
3640	3.9714
3641	3.96259
3642	3.94641
3643	3.92248
3644	3.91147
3645	3.91366
3646	3.912
3647	3.89767
3648	3.87261
3649	3.84781
3650	3.82083
3651	3.80049
3652	3.7813
3653	3.76469
3654	3.76112
3655	3.76599
3656	3.76571
3657	3.75215
3658	3.72594
3659	3.70501
3660	3.70008
3661	3.70526
3662	3.70876
3663	3.68806
3664	3.65948
3665	3.62907
3666	3.60538
3667	3.5959
3668	3.58972
3669	3.58373
3670	3.57885
3671	3.56922
3672	3.53509
3673	3.49931
3674	3.47768
3675	3.4617
3676	3.45764
3677	3.44669
3678	3.42976
3679	3.42478
3680	3.41203
3681	3.39504
3682	3.38165
3683	3.36936
3684	3.36531
3685	3.36555
3686	3.37965
3687	3.38531
3688	3.37799
3689	3.36785
3690	3.34081
3691	3.30508
3692	3.26971
3693	3.23565
3694	3.21703
3695	3.20804
3696	3.19456
3697	3.18782
3698	3.17431
3699	3.15126
3700	3.13031
3701	3.09975
3702	3.08213
3703	3.0711
3704	3.05678
3705	3.06352
3706	3.08918
3707	3.10109
3708	3.09053
3709	3.07284
3710	3.04361
3711	3.01679
3712	3.00704
3713	2.99861
3714	2.98072
3715	2.98245
3716	2.99724
3717	2.99952
3718	3.01063
3719	3.03484
3720	3.04777
3721	3.06726
3722	3.09081
3723	3.11034
3724	3.13016
3725	3.13949
3726	3.13401
3727	3.12175
3728	3.12509
3729	3.13813
3730	3.1388
3731	3.13867
3732	3.14166
3733	3.13749
3734	3.13824
3735	3.12842
3736	3.1228
3737	3.12859
3738	3.10944
3739	3.08138
3740	3.06073
3741	3.04501
3742	3.02609
3743	3.00701
3744	3.00485
3745	3.00804
3746	3.00767
3747	3.00724
3748	3.00647
3749	3.00848
3750	3.00214
3751	2.9924
3752	2.99004
3753	2.98675
3754	2.95764
3755	2.91711
3756	2.89551
3757	2.88625
3758	2.87682
3759	2.86423
3760	2.85338
3761	2.84967
3762	2.84683
3763	2.8522
3764	2.85482
3765	2.84978
3766	2.86922
3767	2.88547
3768	2.8944
3769	2.91202
3770	2.92561
3771	2.92961
3772	2.93838
3773	2.97002
3774	3.00229
3775	2.99901
3776	2.97963
3777	2.96225
3778	2.94486
3779	2.93342
3780	2.92289
3781	2.91974
3782	2.91383
3783	2.90324
3784	2.90781
3785	2.90841
3786	2.89398
3787	2.87758
3788	2.86684
3789	2.85716
3790	2.83856
3791	2.81048
3792	2.79594
3793	2.79061
3794	2.76747
3795	2.73819
3796	2.71312
3797	2.69627
3798	2.68619
3799	2.68843
3800	2.68136
3801	2.67891
3802	2.69018
3803	2.68804
3804	2.6687
3805	2.64317
3806	2.62765
3807	2.63438
3808	2.64642
3809	2.63519
3810	2.6316
3811	2.64597
3812	2.65444
3813	2.6475
3814	2.63423
3815	2.63272
3816	2.64926
3817	2.67626
3818	2.70052
3819	2.71044
3820	2.71782
3821	2.729
3822	2.73798
3823	2.72933
3824	2.70932
3825	2.69632
3826	2.68436
3827	2.68713
3828	2.70527
3829	2.71806
3830	2.73719
3831	2.74823
3832	2.7565
3833	2.77985
3834	2.811
3835	2.84546
3836	2.87154
3837	2.89214
3838	2.9173
3839	2.94192
3840	2.96406
3841	2.98543
3842	2.99646
3843	3.00898
3844	3.0354
3845	3.0647
3846	3.08001
3847	3.08784
3848	3.09581
3849	3.09812
3850	3.10488
3851	3.12875
3852	3.15118
3853	3.1437
3854	3.13669
3855	3.15412
3856	3.16088
3857	3.14736
3858	3.13491
3859	3.13505
3860	3.14495
3861	3.1534
3862	3.15391
3863	3.15125
3864	3.15323
3865	3.17252
3866	3.18621
3867	3.18628
3868	3.19345
3869	3.20465
3870	3.20182
3871	3.18752
3872	3.17875
3873	3.18479
3874	3.20117
3875	3.21549
3876	3.22956
3877	3.24425
3878	3.26379
3879	3.28406
3880	3.30923
3881	3.33825
3882	3.35846
3883	3.37384
3884	3.38801
3885	3.40646
3886	3.43192
3887	3.46315
3888	3.48453
3889	3.49624
3890	3.50097
3891	3.48899
3892	3.48092
3893	3.48727
3894	3.51059
3895	3.54122
3896	3.57024
3897	3.60798
3898	3.65044
3899	3.6897
3900	3.71419
3901	3.72135
3902	3.71898
3903	3.71467
3904	3.7164
3905	3.69849
3906	3.69762
3907	3.7286
3908	3.74672
3909	3.74591
3910	3.74703
3911	3.75943
3912	3.76178
3913	3.7457
3914	3.72383
3915	3.73304
3916	3.75167
3917	3.76033
3918	3.78916
3919	3.82624
3920	3.83866
3921	3.83104
3922	3.83418
3923	3.84656
3924	3.83462
3925	3.82699
3926	3.84754
3927	3.87171
3928	3.89276
3929	3.90443
3930	3.92076
3931	3.94842
3932	3.98328
3933	4.00112
3934	4.02186
3935	4.05487
3936	4.05519
3937	4.04829
3938	4.05783
3939	4.06993
3940	4.07766
3941	4.07915
3942	4.09193
3943	4.11231
3944	4.12291
3945	4.13356
3946	4.14098
3947	4.14857
3948	4.1686
3949	4.18799
3950	4.19713
3951	4.19965
3952	4.20233
3953	4.19764
3954	4.18918
3955	4.19304
3956	4.18573
3957	4.18258
3958	4.19841
3959	4.20706
3960	4.20971
3961	4.22143
3962	4.231
3963	4.23405
3964	4.24385
3965	4.25787
3966	4.25276
3967	4.22222
3968	4.20061
3969	4.18994
3970	4.18194
3971	4.1791
3972	4.17362
3973	4.16675
3974	4.16257
3975	4.14778
3976	4.12041
3977	4.10802
3978	4.11498
3979	4.12254
3980	4.13041
3981	4.13913
3982	4.13153
3983	4.11243
3984	4.09871
3985	4.10431
3986	4.11077
3987	4.10674
3988	4.10995
3989	4.11914
3990	4.11739
3991	4.10196
3992	4.08505
3993	4.07561
3994	4.07645
3995	4.0703
3996	4.06002
3997	4.05576
3998	4.05866
3999	4.07125
4000	4.0758
