1.000000e+00	7.787925e-01
1.122018e+00	8.234198e-01
1.258925e+00	8.734925e-01
1.412538e+00	9.296750e-01
1.584893e+00	9.927128e-01
1.778279e+00	1.063442e+00
1.995262e+00	1.142802e+00
2.238721e+00	1.218779e+00
2.511886e+00	1.312447e+00
2.818383e+00	1.417545e+00
3.162278e+00	1.513466e+00
3.548134e+00	1.638473e+00
3.981072e+00	1.778733e+00
4.466836e+00	1.901391e+00
5.011872e+00	2.041033e+00
5.623413e+00	2.196120e+00
6.309573e+00	2.343636e+00
7.079458e+00	2.497468e+00
7.943282e+00	2.662389e+00
8.912509e+00	2.820941e+00
1.000000e+01	2.976232e+00
1.122018e+01	3.176857e+00
1.258925e+01	3.373201e+00
1.412538e+01	3.551282e+00
1.584893e+01	3.772146e+00
1.778279e+01	3.973308e+00
1.995262e+01	4.191209e+00
2.238721e+01	4.390086e+00
2.511886e+01	4.609974e+00
2.818383e+01	4.820394e+00
3.162278e+01	5.023628e+00
3.548134e+01	5.198461e+00
3.981072e+01	5.367246e+00
4.466836e+01	5.462189e+00
5.011872e+01	5.536003e+00
5.623413e+01	5.580117e+00
6.309573e+01	5.569750e+00
7.079458e+01	5.548470e+00
7.943282e+01	5.494873e+00
8.912509e+01	5.363151e+00
1.000000e+02	5.186867e+00
1.122018e+02	4.984706e+00
1.258925e+02	4.789793e+00
1.412538e+02	4.648267e+00
1.584893e+02	4.613151e+00
1.778279e+02	4.608864e+00
1.995262e+02	4.606774e+00
2.238721e+02	4.570520e+00
2.511886e+02	4.477089e+00
2.818383e+02	4.460252e+00
3.162278e+02	4.373182e+00
3.548134e+02	4.154349e+00
3.981072e+02	4.008388e+00
4.466836e+02	3.938595e+00
5.011872e+02	3.790273e+00
5.623413e+02	3.655521e+00
6.309573e+02	3.322066e+00
7.079458e+02	2.798777e+00
7.943282e+02	2.594945e+00
8.912509e+02	2.584997e+00
1.000000e+03	2.775187e+00
1.122018e+03	2.957228e+00
1.258925e+03	3.062668e+00
1.412538e+03	2.908972e+00
1.584893e+03	2.705650e+00
1.778279e+03	2.588338e+00
1.995262e+03	2.615614e+00
2.238721e+03	2.513779e+00
2.511886e+03	2.440734e+00
2.818383e+03	3.043170e+00
3.162278e+03	3.206774e+00
3.548134e+03	3.724509e+00
3.981072e+03	3.200406e+00
