0.000000e+00	1.000000e+00
1.000000e+00	6.649386e-01
1.000000e+00	7.639559e-01
1.122018e+00	7.449697e-01
1.258925e+00	7.236668e-01
1.412538e+00	6.997646e-01
1.584893e+00	6.729459e-01
1.778279e+00	6.428548e-01
1.995262e+00	6.090920e-01
2.238721e+00	6.123835e-01
2.511886e+00	5.789585e-01
2.818383e+00	5.414549e-01
3.162278e+00	5.156511e-01
3.548134e+00	4.927105e-01
3.981072e+00	4.669707e-01
4.466836e+00	4.493168e-01
5.011872e+00	4.297805e-01
5.623413e+00	4.069824e-01
6.309573e+00	3.889524e-01
7.079458e+00	3.708306e-01
7.943282e+00	3.535685e-01
8.912509e+00	3.381540e-01
1.000000e+01	3.161804e-01
1.122018e+01	2.964039e-01
1.258925e+01	2.685059e-01
1.412538e+01	2.509067e-01
1.584893e+01	2.261204e-01
1.778279e+01	2.087560e-01
1.995262e+01	1.883449e-01
2.238721e+01	1.661568e-01
2.511886e+01	1.445910e-01
2.818383e+01	1.234164e-01
3.162278e+01	1.002828e-01
3.548134e+01	7.527456e-02
3.981072e+01	4.733172e-02
4.466836e+01	2.262808e-02
5.011872e+01	5.947007e-04
5.623413e+01	-1.912752e-02
6.309573e+01	-3.575213e-02
7.079458e+01	-5.284721e-02
7.943282e+01	-6.077906e-02
8.912509e+01	-5.981271e-02
1.000000e+02	-4.602037e-02
1.122018e+02	-2.045705e-02
1.258925e+02	7.538692e-04
1.412538e+02	1.885550e-02
1.584893e+02	2.002237e-02
1.778279e+02	6.415397e-03
1.995262e+02	-6.209164e-03
2.238721e+02	-1.834465e-02
2.511886e+02	-1.212767e-02
2.818383e+02	-9.713082e-03
3.162278e+02	-1.595363e-02
3.548134e+02	-1.851142e-02
3.981072e+02	-1.227541e-02
4.466836e+02	-1.685232e-02
5.011872e+02	-2.236763e-02
5.623413e+02	-1.570717e-02
6.309573e+02	-2.563828e-02
7.079458e+02	-1.007213e-02
7.943282e+02	5.030914e-03
8.912509e+02	8.088478e-03
1.000000e+03	1.474441e-02
1.122018e+03	8.995410e-03
1.258925e+03	-2.529013e-03
1.412538e+03	-6.280717e-03
1.584893e+03	-3.551705e-03
1.778279e+03	-5.787018e-04
1.995262e+03	4.310488e-03
2.238721e+03	-1.125850e-02
2.511886e+03	5.515962e-03
2.818383e+03	9.176113e-03
3.162278e+03	-9.387006e-03
3.548134e+03	4.674296e-02
3.981072e+03	1.299801e-01
