1.102262e+00 
4.334489e-01 
3.636677e-01 
3.021875e-01 
2.988882e-01 
2.433229e-01 
2.252358e-01 
1.935341e-01 
1.467551e-01 
1.552834e-01 
1.560550e-01 
1.657108e-01 
1.352530e-01 
1.299780e-01 
1.259315e-01 
1.179529e-01 
1.021292e-01 
9.437867e-02 
1.194947e-01 
1.066267e-01 
9.216078e-02 
8.124246e-02 
9.649015e-02 
8.108705e-02 
7.657316e-02 
6.854486e-02 
6.713820e-02 
5.041317e-02 
7.725745e-02 
6.182505e-02 
7.584287e-02 
4.860621e-02 
3.622655e-02 
4.829403e-02 
5.758424e-02 
4.191146e-02 
4.968723e-02 
5.079892e-02 
4.862222e-02 
8.762849e-03 
3.715364e-02 
1.561720e-02 
6.430301e-03 
3.994607e-02 
3.935653e-02 
3.314594e-02 
6.225595e-03 
1.737848e-02 
-3.772897e-03 
-1.704763e-02 
-2.378147e-02 
-8.627757e-03 
6.756796e-03 
1.419766e-02 
2.658643e-02 
1.916028e-02 
4.774397e-03 
1.969934e-02 
-1.562636e-02 
5.242394e-04 
1.124318e-02 
5.745977e-03 
-1.178666e-02 
3.417934e-03 
-7.854295e-03 
-9.737774e-04 
6.539410e-03 
-3.752197e-02 
-1.187439e-02 
-1.411810e-02 
-2.028756e-03 
4.621218e-04 
-1.525928e-02 
3.186542e-03 
-9.101627e-03 
8.171886e-05 
-9.684266e-03 
-1.748429e-03 
2.237078e-03 
-2.884417e-02 
-1.434533e-02 
7.278789e-03 
-4.974774e-03 
-1.141592e-02 
1.674586e-02 
1.596760e-02 
1.228184e-02 
-6.326606e-03 
-5.691600e-03 
-2.432050e-02 
-1.296055e-02 
-2.126099e-02 
-3.831759e-02 
-2.141275e-02 
-2.155202e-02 
-5.248793e-02 
-4.538198e-02 
-2.063277e-02 
-2.602137e-02 
-7.464664e-03 
-2.964348e-03 
-2.091414e-02 
-2.756888e-02 
-2.994648e-02 
-4.622426e-02 
-4.291211e-02 
-1.529223e-02 
-1.066408e-02 
9.415400e-03 
8.454588e-03 
-3.847113e-03 
-3.414867e-02 
-4.468366e-02 
-1.224883e-02 
-2.287999e-02 
-3.380314e-02 
-4.606707e-02 
-3.886487e-02 
1.891800e-03 
-1.989088e-02 
-2.308012e-03 
-7.317808e-03 
-3.167334e-02 
-2.674043e-02 
9.612566e-04 
1.219006e-03 
5.653637e-03 
5.463463e-03 
-1.860136e-02 
6.767613e-03 
-9.349891e-03 
-6.659979e-04 
4.736536e-03 
1.449273e-04 
2.084975e-02 
1.153773e-02 
-1.861423e-02 
-1.747001e-02 
-1.118309e-02 
-3.546039e-02 
1.298150e-03 
-4.370388e-03 
-1.379244e-02 
-6.086621e-03 
-2.488555e-02 
-4.879463e-03 
-2.130659e-02 
-2.704728e-02 
-1.054639e-02 
7.174282e-03 
-1.009853e-02 
1.083523e-02 
-6.037682e-03 
1.519459e-03 
-2.479563e-02 
-2.324372e-02 
-2.279543e-02 
2.862119e-04 
9.225910e-03 
2.095498e-02 
-1.886006e-02 
-5.088257e-03 
1.259782e-02 
-1.319001e-02 
-7.589269e-03 
2.042440e-03 
-1.108713e-02 
-8.210093e-03 
2.136942e-02 
4.293125e-02 
9.242650e-03 
4.607484e-03 
3.350268e-02 
2.835069e-02 
1.567829e-02 
1.480571e-02 
5.140295e-03 
1.564459e-02 
3.570413e-02 
8.926595e-03 
8.376138e-03 
2.426326e-02 
7.926168e-03 
1.014150e-02 
-2.278879e-02 
-1.616991e-02 
-2.996273e-03 
3.539271e-02 
-9.592949e-03 
-1.438044e-02 
-1.673489e-02 
1.441403e-02 
-1.185788e-02 
8.453016e-03 
3.343959e-03 
-4.761276e-03 
1.128437e-02 
-1.928610e-02 
-1.095734e-02 
-1.910633e-02 
-4.379647e-03 
-1.495246e-02 
7.418624e-03 
-1.616093e-02 
-2.119227e-02 
-8.028055e-03 
1.898074e-02 
2.412595e-02 
-1.923211e-03 
7.239140e-03 
-1.683012e-02 
5.133622e-03 
-7.993213e-03 
-1.670579e-02 
2.398059e-03 
-7.646971e-03 
2.592503e-03 
-2.814969e-03 
-1.425455e-02 
-4.521553e-03 
-1.889464e-02 
-1.504911e-02 
1.207030e-02 
-1.308710e-02 
9.787207e-04 
-9.277884e-04 
2.145531e-02 
2.519994e-02 
3.061393e-02 
7.299586e-03 
-6.285590e-03 
2.083279e-02 
-3.560257e-04 
-1.105111e-02 
-2.193561e-02 
-3.808778e-02 
7.181787e-03 
-1.090226e-02 
-6.621202e-03 
-1.323811e-02 
-1.567717e-03 
-1.158050e-02 
-9.737390e-03 
-1.243265e-02 
-3.208360e-02 
-3.604148e-03 
-1.737648e-02 
-7.640125e-03 
-1.152667e-02 
-2.007216e-02 
3.553577e-03 
-1.327304e-02 
-4.352911e-03 
-1.012772e-02 
-4.326151e-02 
-2.185360e-02 
-1.852153e-02 
3.311959e-02 
5.667441e-03 
7.222545e-03 
2.536785e-02 
1.777865e-02 
9.340928e-03 
-2.766525e-02 
-1.134659e-02 
1.165767e-02 
1.306051e-02 
-8.385374e-03 
1.417943e-02 
1.418334e-02 
6.456521e-03 
-1.481752e-02 
1.368731e-03 
8.724275e-03 
2.874170e-04 
-3.206387e-02 
-4.446774e-02 
-1.475345e-02 
-2.589591e-02 
-1.419928e-02 
-1.768680e-02 
-1.045630e-02 
-1.334505e-02 
-2.616408e-03 
-2.759614e-02 
-2.348839e-02 
-4.990313e-03 
-8.870848e-03 
1.822188e-02 
1.559307e-02 
2.634760e-03 
-3.704369e-03 
9.464353e-04 
2.400608e-02 
2.007738e-02 
2.794147e-02 
2.304606e-02 
3.031657e-02 
5.663627e-02 
3.714487e-02 
1.173120e-02 
2.057596e-02 
-2.332164e-03 
1.219435e-02 
1.319968e-03 
3.182497e-03 
3.475960e-03 
1.939029e-02 
4.417818e-03 
9.764592e-03 
1.183870e-02 
1.935144e-02 
1.444525e-02 
-7.564089e-03 
-7.815498e-03 
-1.129183e-02 
-1.263215e-02 
-1.191494e-03 
-2.022608e-02 
-2.649345e-03 
4.074525e-02 
2.896905e-02 
2.751584e-02 
-2.329085e-03 
7.026828e-03 
6.582451e-04 
-7.954920e-03 
-4.300148e-02 
-1.955933e-02 
-2.125416e-02 
-5.381127e-03 
-1.596395e-03 
1.135602e-02 
1.733866e-02 
-1.346674e-02 
5.764061e-03 
-1.622531e-02 
-9.986813e-03 
1.565630e-03 
-4.698135e-02 
-2.748583e-02 
-2.943531e-02 
8.569439e-03 
-2.101685e-03 
4.581574e-04 
-1.257638e-02 
-2.140182e-02 
1.859848e-03 
-3.507179e-02 
-2.699824e-02 
-2.400399e-02 
1.139418e-02 
-1.895580e-03 
-1.619953e-03 
3.743631e-02 
3.228558e-02 
2.295152e-02 
1.164563e-02 
1.146887e-02 
4.777632e-03 
-3.025739e-02 
-8.541964e-03 
-2.139968e-02 
-8.664554e-04 
-1.362131e-02 
-2.198744e-03 
-6.595363e-03 
-1.036976e-02 
-1.344951e-02 
-9.770359e-03 
-2.219688e-02 
-3.732316e-02 
-2.619855e-02 
-2.204896e-02 
-3.216695e-02 
-2.728354e-02 
-4.472695e-02 
-3.682993e-02 
-2.292196e-02 
-1.634980e-02 
-2.722287e-02 
-4.264773e-02 
-8.107315e-03 
1.415839e-03 
1.854112e-02 
-1.088360e-03 
-3.369211e-02 
-1.069859e-02 
-2.017623e-02 
-4.319161e-02 
-6.621674e-03 
-8.622158e-03 
4.207949e-03 
-2.350916e-02 
-1.290271e-02 
-1.868639e-02 
-2.675232e-02 
-9.039908e-03 
5.133557e-03 
-1.776251e-02 
-2.488519e-02 
-1.191876e-02 
6.575141e-03 
-6.043427e-03 
-2.390479e-02 
-5.659147e-03 
-1.533758e-02 
-3.235675e-02 
-2.305211e-02 
-1.810982e-02 
8.540542e-04 
4.373813e-03 
-1.919204e-02 
2.395899e-03 
-2.218723e-02 
-7.444890e-03 
-1.226165e-02 
7.847740e-03 
-2.668563e-02 
2.319133e-02 
3.146348e-03 
2.168562e-04 
1.221377e-02 
-2.094134e-02 
-1.519306e-02 
1.900601e-02 
-4.260398e-03 
9.149465e-03 
1.216395e-02 
-5.650195e-03 
-1.592423e-02 
2.106488e-03 
-6.146070e-04 
-1.121906e-02 
-6.494653e-05 
-3.712726e-03 
2.252110e-02 
6.432869e-03 
1.629862e-02 
1.683248e-02 
3.066368e-02 
2.376264e-04 
8.251941e-03 
-3.856140e-03 
1.941600e-02 
-1.974117e-02 
2.362528e-02 
1.305218e-02 
2.222711e-02 
1.108372e-02 
2.002376e-02 
2.750124e-02 
8.820234e-03 
-4.546439e-03 
-2.960174e-02 
1.531780e-02 
-7.012303e-03 
2.458423e-02 
1.654077e-02 
2.131344e-02 
1.131574e-02 
3.117948e-02 
-2.805365e-03 
5.147668e-03 
1.457652e-02 
1.454250e-02 
1.568076e-02 
7.301983e-03 
1.152852e-02 
2.722759e-02 
2.683803e-02 
9.653898e-03 
1.339394e-02 
-1.034804e-02 
1.234746e-02 
1.576490e-02 
2.346595e-02 
4.093184e-02 
-6.136675e-05 
1.897823e-02 
-5.728470e-03 
1.599665e-03 
1.573731e-02 
7.509811e-03 
-2.060452e-02 
5.639718e-03 
1.825295e-02 
9.079938e-03 
3.104904e-02 
1.431774e-02 
3.048861e-02 
1.468323e-02 
1.873934e-02 
3.995391e-02 
3.383334e-02 
1.711974e-02 
2.588776e-02 
-1.908169e-03 
-1.118122e-02 
-5.075368e-03 
2.524613e-03 
-2.148972e-02 
-2.780656e-02 
4.664862e-03 
4.628838e-03 
-1.153618e-02 
-1.272580e-02 
-3.638151e-02 
-2.910541e-02 
-4.497314e-03 
-1.540905e-02 
-4.847358e-02 
-1.185419e-02 
1.178083e-02 
-2.824234e-02 
-2.375051e-02 
-1.846017e-02 
-3.444580e-02 
-5.938702e-03 
-1.635495e-02 
-4.706730e-03 
2.700528e-03 
7.674089e-03 
-2.113877e-03 
-4.569637e-02 
8.104181e-03 
2.421192e-02 
-7.910169e-03 
1.647119e-02 
2.506467e-02 
7.007486e-03 
2.659797e-02 
7.694830e-03 
3.354972e-02 
3.033020e-02 
2.344085e-02 
4.809124e-03 
6.976154e-03 
5.404552e-03 
-2.943747e-02 
6.472347e-03 
1.312215e-02 
5.627690e-03 
-5.064527e-03 
-8.820339e-03 
-2.300465e-02 
-1.738258e-02 
-4.141399e-02 
-4.486991e-02 
-3.753014e-02 
-1.579299e-02 
-1.946494e-02 
-4.156985e-02 
-3.131664e-02 
-1.964884e-02 
-2.793058e-02 
-2.273619e-02 
-1.858968e-02 
-9.532623e-03 
-1.190871e-02 
-3.127958e-02 
-2.678393e-02 
-7.437128e-04 
6.867060e-03 
-2.534437e-03 
-1.941056e-03 
2.438807e-03 
-1.931864e-02 
-1.252473e-02 
6.162951e-03 
4.115845e-03 
-4.601644e-03 
-3.894803e-02 
-1.547598e-02 
7.966581e-03 
3.089078e-03 
-2.191860e-02 
-1.799138e-03 
-3.350473e-03 
-1.811614e-02 
-2.678377e-02 
-1.541193e-02 
-1.060072e-02 
-4.454263e-03 
4.279899e-03 
-2.952814e-02 
-2.475540e-02 
-2.026879e-02 
-7.770732e-03 
9.129221e-03 
-6.173717e-03 
-1.251117e-03 
-1.498358e-02 
3.936200e-03 
-4.107410e-03 
-1.051137e-02 
-1.215861e-02 
-3.486293e-02 
-2.017570e-03 
1.558136e-02 
4.282196e-03 
-9.021059e-04 
-1.679473e-02 
5.540084e-03 
-1.370556e-03 
-1.665633e-04 
-1.298415e-02 
-1.198552e-02 
-8.160538e-03 
-3.747211e-02 
-4.530250e-02 
-2.896713e-02 
-1.256054e-02 
-2.068668e-02 
-3.054756e-03 
-1.907609e-02 
-2.190530e-03 
-6.029230e-03 
-1.592786e-02 
-1.891064e-02 
-2.091699e-02 
2.888670e-03 
8.831195e-03 
-2.471870e-03 
-8.848054e-04 
1.324728e-02 
5.275998e-03 
-5.643691e-05 
-3.101614e-02 
-7.780342e-03 
-9.409147e-03 
4.156519e-02 
8.854924e-03 
-2.983397e-03 
-5.615114e-03 
-3.957232e-03 
-3.528095e-04 
7.944212e-03 
-4.413710e-03 
1.561834e-02 
1.049306e-02 
-1.179106e-02 
-2.701468e-02 
-1.747325e-02 
-2.559647e-02 
-1.587133e-02 
-8.482874e-03 
1.909192e-02 
3.491715e-02 
1.312818e-02 
1.021213e-02 
1.446271e-02 
4.128702e-02 
1.072258e-02 
2.485000e-02 
2.576366e-02 
1.152709e-02 
1.613271e-02 
1.662572e-02 
-9.668440e-04 
1.837564e-02 
-8.630039e-03 
8.647665e-03 
3.472281e-03 
-4.840722e-04 
6.188165e-03 
3.882132e-02 
1.057812e-02 
-1.815766e-02 
9.131878e-03 
1.301229e-02 
1.914016e-02 
3.303118e-03 
-3.263444e-04 
1.572224e-02 
7.430513e-03 
2.085871e-02 
2.692683e-03 
-1.743678e-02 
-1.163686e-02 
-1.903882e-02 
8.403738e-03 
1.158336e-02 
-1.427865e-02 
-2.646907e-02 
-2.563193e-02 
3.700754e-03 
1.461157e-03 
-5.165643e-03 
-1.775204e-02 
-2.296067e-03 
-1.235715e-02 
-2.438726e-02 
-1.730450e-02 
-1.891362e-02 
1.286834e-02 
-1.666004e-03 
-9.263535e-03 
8.653957e-04 
-2.836517e-02 
-1.155400e-02 
-1.323268e-02 
-1.322623e-02 
-1.924996e-02 
-1.910911e-02 
-3.801680e-02 
-2.154043e-02 
-1.166161e-02 
-1.728362e-02 
-2.777085e-02 
-3.491037e-02 
-2.960444e-02 
-4.461197e-02 
-1.239427e-02 
-2.950640e-02 
-2.666893e-02 
-3.336170e-02 
-2.501976e-02 
-3.067985e-02 
-2.772022e-02 
-1.565005e-02 
-2.342929e-02 
-1.385832e-02 
-3.419324e-02 
-2.470737e-02 
-2.394171e-02 
-3.817758e-02 
-2.477552e-02 
-9.860795e-03 
-1.161641e-02 
-1.124581e-03 
1.411698e-02 
1.338847e-02 
-1.260933e-02 
5.174136e-03 
-8.755553e-03 
-1.146719e-02 
-1.300001e-02 
1.497589e-02 
-1.807822e-02 
-9.940632e-03 
7.627584e-03 
-2.073456e-02 
-5.661879e-03 
-1.610217e-02 
-2.542038e-02 
-2.790636e-02 
-3.625709e-02 
-1.042209e-02 
-3.328978e-02 
-1.207917e-02 
-3.896609e-02 
-2.105470e-02 
-5.197067e-02 
-4.620149e-02 
-1.365191e-02 
-1.279258e-02 
-1.236407e-02 
1.543949e-02 
-1.700750e-02 
-1.453627e-02 
-1.729565e-02 
-9.818502e-03 
2.646476e-02 
-3.024205e-02 
-8.116592e-03 
8.554395e-03 
6.736878e-03 
1.034071e-02 
7.864304e-03 
2.013540e-03 
-2.412997e-03 
4.408273e-03 
1.158487e-02 
1.268319e-02 
8.854305e-03 
-5.329832e-03 
-1.509748e-03 
-1.244919e-02 
-2.234729e-03 
-2.155124e-02 
3.617673e-03 
1.043659e-02 
-1.282730e-03 
7.705749e-03 
6.716001e-03 
1.809285e-02 
4.364893e-03 
1.022868e-02 
4.118035e-03 
2.956829e-02 
4.074029e-02 
2.272791e-02 
-2.111611e-03 
1.427651e-02 
9.313729e-04 
-2.435326e-02 
-1.433500e-02 
3.193525e-03 
-1.259103e-02 
-3.505714e-03 
-9.718454e-03 
-8.612275e-03 
1.427480e-02 
5.327067e-04 
2.684366e-04 
-6.321864e-05 
-2.956048e-03 
4.023967e-03 
-7.203706e-03 
1.466997e-02 
-2.278286e-02 
-1.731500e-02 
-2.961294e-03 
1.490278e-02 
-2.398593e-02 
-7.244598e-03 
-3.223460e-02 
-4.866433e-03 
6.063419e-03 
-1.670593e-02 
-7.305712e-03 
2.566216e-03 
8.699884e-04 
1.771684e-03 
-1.974923e-02 
1.080997e-02 
-1.877620e-02 
-3.541369e-02 
-8.621138e-03 
-7.934426e-03 
-6.277159e-03 
2.245014e-02 
3.023409e-02 
-8.574229e-03 
1.904033e-02 
-5.435829e-03 
-1.457610e-03 
-8.178418e-03 
-3.045110e-03 
1.249281e-03 
-2.733985e-02 
-9.464657e-03 
-2.838013e-03 
-2.068658e-02 
2.719233e-02 
-9.235740e-03 
-2.214661e-02 
-1.134492e-03 
2.671727e-03 
-1.056088e-02 
7.956219e-03 
1.749365e-02 
3.120819e-02 
1.954527e-02 
-1.095238e-02 
1.899162e-02 
-1.055136e-02 
-1.745929e-02 
-2.356985e-02 
-2.095940e-02 
1.260634e-02 
4.197589e-02 
3.246323e-02 
3.853455e-02 
2.656092e-02 
1.619606e-02 
2.043547e-02 
2.904121e-02 
2.576305e-03 
-7.239841e-03 
-5.085103e-03 
-1.422898e-02 
-1.325185e-02 
1.470577e-02 
7.073702e-03 
-5.520670e-05 
4.948799e-03 
7.592288e-03 
-1.110004e-02 
4.990982e-03 
1.908572e-02 
2.937833e-03 
1.493129e-02 
2.893829e-02 
9.844199e-03 
2.728025e-02 
1.031540e-02 
4.012021e-03 
1.753856e-02 
1.053968e-02 
-1.203191e-03 
-2.669373e-03 
7.182363e-03 
1.885982e-02 
-1.437428e-02 
2.064918e-02 
1.999310e-02 
1.935159e-02 
2.682517e-02 
2.701602e-02 
2.434644e-02 
5.229614e-03 
1.995676e-02 
1.576532e-02 
-1.427696e-02 
1.058976e-02 
2.408698e-02 
2.343829e-02 
2.648206e-02 
1.446486e-02 
-1.807990e-02 
1.366625e-02 
1.356979e-02 
-3.601596e-03 
9.034404e-03 
-6.872345e-03 
1.387348e-02 
1.407827e-02 
4.116825e-02 
1.551259e-02 
1.032371e-02 
2.098502e-02 
1.227941e-02 
2.437627e-02 
1.447134e-02 
-2.909453e-02 
-1.403741e-02 
-4.962298e-03 
1.534041e-02 
1.806168e-02 
-2.041286e-02 
4.285902e-03 
1.698072e-03 
-5.570329e-04 
2.835369e-03 
1.456686e-02 
2.037573e-02 
-2.845950e-02 
-1.014445e-02 
3.357738e-03 
-3.270365e-03 
-1.205066e-02 
9.298771e-03 
-5.406122e-03 
3.688148e-03 
-1.754927e-02 
1.026510e-02 
5.745098e-03 
1.610666e-02 
1.305323e-02 
2.233051e-02 
-9.638336e-03 
-5.687157e-03 
1.249015e-02 
6.583913e-04 
-8.195008e-03 
-3.005357e-04 
-4.479759e-03 
1.555750e-02 
4.989077e-03 
4.456093e-03 
2.224421e-02 
1.978618e-02 
-1.828536e-03 
-1.643096e-03 
1.853146e-02 
1.140033e-03 
-1.223103e-02 
7.961858e-03 
3.483846e-02 
-1.326481e-02 
4.240524e-03 
3.759636e-04 
1.201052e-02 
-1.960020e-02 
2.419350e-02 
1.699749e-03 
3.135248e-02 
-1.354906e-02 
4.854334e-02 
3.862012e-02 
1.946517e-02 
1.142464e-02 
2.446953e-02 
2.164446e-02 
1.768496e-02 
-7.930982e-03 
-1.144131e-02 
-5.357648e-04 
2.772609e-02 
2.535713e-03 
-9.113545e-03 
-1.956984e-02 
-1.131311e-02 
-1.368798e-02 
-5.489143e-04 
3.658410e-03 
5.497057e-04 
-1.422178e-03 
-3.235414e-03 
-1.123343e-02 
-3.386983e-04 
1.365126e-02 
1.884635e-02 
1.963449e-02 
-1.775248e-02 
8.007371e-03 
-1.772364e-03 
-2.777687e-03 
-1.035161e-03 
-9.234169e-04 
-2.723139e-02 
-2.418136e-02 
-1.389784e-02 
-2.004121e-02 
-1.427446e-02 
-4.608230e-02 
-3.930307e-02 
-2.954894e-02 
5.186705e-03 
-2.046329e-02 
-1.458845e-02 
-1.811229e-02 
1.443805e-02 
-2.146423e-02 
-1.584473e-02 
1.048983e-02 
-1.208821e-02 
1.704260e-02 
3.013220e-02 
-1.136982e-02 
1.540478e-02 
2.581190e-02 
3.227800e-03 
-2.976640e-03 
-8.045249e-04 
1.682655e-02 
2.296066e-02 
1.862265e-02 
2.567071e-02 
2.061088e-02 
1.073735e-02 
2.173693e-02 
-1.565301e-02 
-2.510222e-02 
-1.719073e-02 
-1.728080e-02 
-1.326088e-03 
2.001374e-02 
1.122504e-02 
-1.730905e-02 
8.462398e-03 
-2.334134e-02 
-5.665141e-04 
3.455371e-03 
3.428890e-02 
-1.334223e-02 
4.028770e-04 
9.697352e-03 
-8.353386e-03 
3.802647e-03 
-5.368917e-03 
7.810362e-03 
-1.446414e-02 
-9.529903e-03 
8.670726e-03 
-2.572095e-02 
-2.044886e-02 
5.004811e-03 
7.305526e-03 
2.971009e-02 
-1.435264e-02 
1.811602e-02 
2.477093e-02 
2.023135e-02 
7.121587e-03 
-4.086493e-03 
6.123940e-03 
-2.911789e-02 
-2.856487e-03 
-1.444462e-02 
1.089673e-02 
-4.273777e-03 
-7.597725e-03 
-6.267997e-03 
1.700670e-03 
-1.029758e-02 
2.798252e-04 
-1.911377e-02 
-2.035881e-02 
-1.121015e-02 
2.006238e-03 
5.937856e-03 
1.746492e-02 
1.363090e-02 
2.863246e-02 
1.258087e-02 
1.127274e-02 
1.928004e-02 
3.610720e-02 
2.077174e-02 
-8.594687e-03 
2.676914e-02 
1.215423e-02 
1.446722e-02 
-2.161539e-02 
-3.044139e-03 
-1.303957e-02 
2.713230e-03 
1.355613e-02 
9.236755e-03 
1.442787e-02 
3.340141e-02 
-5.598281e-03 
-7.407493e-03 
6.591905e-03 
2.307785e-02 
-2.255545e-02 
1.762407e-03 
7.461569e-03 
1.430262e-02 
-1.215476e-02 
-6.374142e-03 
2.700755e-02 
9.932033e-03 
-1.090479e-02 
1.521814e-02 
-2.087044e-02 
2.946633e-02 
1.503731e-02 
3.723647e-03 
-3.576954e-03 
2.419865e-03 
1.022957e-02 
-1.487447e-02 
8.701604e-03 
3.697005e-02 
-1.993982e-02 
5.707735e-04 
-1.220830e-03 
1.684378e-02 
1.051037e-02 
8.775746e-03 
1.015474e-02 
-2.194787e-02 
-1.686278e-02 
-8.925227e-04 
-1.027294e-02 
-1.151012e-02 
-1.384798e-04 
-1.534077e-02 
-2.542907e-02 
4.978141e-03 
1.885914e-02 
-5.778751e-03 
1.553293e-02 
1.076429e-02 
3.708381e-02 
2.523246e-02 
3.405477e-03 
1.960268e-02 
3.178721e-02 
-1.109831e-02 
1.484528e-02 
1.812044e-02 
2.372656e-02 
1.931140e-02 
3.310409e-03 
-1.122411e-02 
-2.175316e-02 
-3.720422e-03 
2.325575e-02 
1.943282e-02 
1.090979e-02 
7.447505e-03 
-6.008194e-03 
-8.531610e-03 
8.079066e-03 
-4.224424e-03 
-1.423091e-02 
-2.342690e-02 
-4.428299e-02 
-1.946131e-02 
-9.866879e-03 
-2.460579e-02 
-8.975550e-03 
-8.336244e-03 
-3.541181e-02 
-2.206782e-02 
-2.807084e-02 
-2.426591e-02 
-2.880475e-02 
-4.974671e-03 
-2.464877e-02 
-1.931005e-02 
-1.055194e-03 
6.448434e-03 
-8.491390e-03 
-2.734125e-02 
-2.885611e-02 
-4.534143e-03 
-2.036744e-02 
-1.685394e-02 
-3.406910e-03 
-1.384300e-02 
-2.017882e-02 
-1.439365e-03 
-1.137178e-02 
-1.072248e-02 
-9.206887e-03 
-8.855369e-03 
-1.350364e-02 
2.014586e-02 
3.718625e-02 
3.581201e-02 
2.100469e-03 
2.251938e-03 
6.356733e-03 
-1.279974e-03 
9.426922e-03 
4.071947e-03 
5.780352e-03 
-1.124543e-03 
8.910824e-03 
-1.318039e-03 
4.336398e-03 
1.506390e-03 
-1.315241e-02 
-4.596522e-03 
-3.214609e-02 
-4.790599e-03 
2.141394e-02 
-4.864191e-03 
-2.124356e-02 
-4.562601e-02 
4.890621e-03 
-3.725044e-02 
-2.314925e-02 
-3.096850e-03 
-1.304306e-03 
6.684815e-03 
-1.534945e-02 
-3.394753e-03 
1.297158e-02 
-3.145988e-02 
-6.226947e-03 
1.073504e-03 
-1.449514e-03 
-2.450045e-02 
-3.352277e-03 
1.874946e-02 
-1.222102e-02 
-7.148949e-03 
-7.938082e-03 
-1.300407e-02 
-1.447305e-02 
-2.287685e-03 
1.576716e-02 
1.379337e-02 
1.204849e-02 
-1.594491e-02 
-1.435638e-02 
-1.774882e-03 
4.109708e-03 
1.437416e-02 
2.413940e-02 
9.254540e-04 
9.908332e-03 
2.545821e-02 
1.764793e-03 
1.438880e-02 
-1.257516e-02 
9.774568e-03 
2.602105e-02 
2.566017e-02 
1.959495e-02 
1.777828e-02 
3.280143e-03 
-3.557087e-03 
4.186106e-03 
-2.825642e-02 
-9.072980e-03 
8.891080e-03 
5.722638e-03 
-1.024656e-02 
6.949574e-03 
7.539329e-03 
-1.932759e-02 
-1.370433e-02 
1.698974e-02 
2.342309e-02 
1.908285e-02 
4.739663e-03 
9.023296e-03 
3.229651e-03 
1.373193e-02 
1.944364e-02 
-2.319150e-02 
-1.739611e-02 
-3.874532e-03 
-2.368146e-03 
1.544127e-02 
-1.943235e-02 
-1.163770e-02 
-1.061233e-02 
-3.842608e-03 
1.658333e-02 
1.448440e-02 
1.163733e-02 
-7.706117e-03 
-6.623978e-04 
-9.375456e-03 
7.735986e-03 
-3.891895e-02 
-2.913484e-02 
-2.143032e-03 
-9.800690e-03 
1.766411e-02 
-8.963282e-03 
7.038653e-03 
-3.100340e-02 
-2.862907e-02 
-7.556524e-03 
3.459449e-02 
3.247241e-02 
6.929659e-03 
8.549893e-03 
6.574685e-03 
2.741450e-02 
2.194379e-02 
1.199803e-02 
4.407394e-03 
1.523853e-02 
2.753352e-02 
-8.001519e-03 
2.730815e-02 
-5.249616e-03 
-2.415418e-02 
-9.201516e-03 
7.670721e-03 
-4.716696e-03 
1.578827e-02 
3.348400e-03 
-4.738004e-03 
-6.677657e-03 
-1.181450e-02 
1.532210e-02 
1.769138e-02 
2.393490e-03 
-9.250484e-03 
4.294976e-03 
8.233887e-03 
3.028124e-02 
3.622468e-02 
1.225873e-02 
1.050379e-02 
4.454141e-04 
-1.712240e-02 
6.114903e-03 
1.715534e-02 
-3.212458e-03 
2.986082e-02 
2.146259e-04 
-1.973731e-03 
1.554475e-02 
3.132396e-02 
2.033622e-02 
4.767790e-03 
-1.505780e-02 
-1.049751e-02 
-1.218148e-02 
-1.756080e-02 
8.957895e-03 
9.038768e-03 
1.659179e-02 
1.961934e-02 
1.267786e-02 
2.197368e-02 
4.446562e-02 
2.846907e-02 
3.321493e-02 
2.993537e-02 
1.237907e-02 
9.617646e-03 
-6.818947e-03 
1.537247e-02 
-6.246733e-03 
-1.060644e-03 
1.252527e-02 
-2.785126e-02 
-3.351201e-02 
-1.835924e-02 
5.676847e-03 
-2.302058e-02 
3.872304e-02 
-3.637782e-03 
2.628879e-03 
9.649397e-04 
9.796975e-03 
1.697598e-02 
-3.630032e-02 
-1.487006e-03 
-3.129469e-02 
-3.012283e-02 
7.887427e-03 
-1.628053e-02 
2.030374e-03 
-1.271433e-02 
-3.623775e-03 
1.219757e-02 
4.315236e-03 
5.597884e-03 
-6.893448e-03 
3.544037e-03 
1.307728e-03 
-2.787637e-02 
-3.321117e-03 
-5.776274e-03 
1.816197e-02 
-5.177200e-03 
4.272612e-03 
-5.702686e-03 
-2.071307e-02 
-4.791347e-03 
1.452145e-02 
8.981159e-03 
1.948368e-02 
2.103499e-02 
5.503444e-04 
2.959576e-05 
-3.991234e-03 
-1.473395e-02 
8.086473e-03 
9.881409e-03 
3.752876e-02 
6.327072e-02 
2.018107e-02 
3.267468e-02 
1.356844e-02 
-2.003567e-02 
-2.058905e-03 
3.185012e-02 
2.501970e-02 
1.527043e-02 
-1.763506e-03 
-1.357746e-03 
-1.186442e-03 
1.243957e-03 
-1.027053e-02 
-3.167652e-02 
-1.898130e-02 
-4.158384e-02 
-3.341118e-02 
-2.280679e-02 
-3.568911e-02 
-1.428369e-02 
-6.777164e-03 
-1.211669e-02 
-1.501625e-03 
-1.441769e-02 
-2.979000e-02 
-2.492352e-02 
-4.178349e-02 
-5.623258e-02 
-2.561610e-02 
-1.942492e-02 
-1.903432e-02 
8.487843e-03 
-2.031263e-02 
4.219514e-03 
1.161532e-02 
1.937668e-03 
-7.844850e-03 
-1.397818e-02 
-1.675474e-02 
-8.615078e-03 
-6.719996e-04 
-1.025611e-02 
7.691808e-03 
-2.580325e-02 
-1.708309e-02 
3.071486e-04 
3.062459e-03 
-2.731654e-02 
-1.614289e-02 
-1.814043e-02 
-3.240461e-02 
-8.441071e-03 
6.452381e-04 
-1.081267e-02 
-1.598192e-02 
-2.976941e-02 
-5.768294e-03 
-1.058421e-02 
-2.584282e-02 
-2.926936e-02 
-3.677673e-02 
-3.395944e-02 
-1.867561e-02 
-5.942547e-03 
-6.752797e-04 
6.707696e-03 
4.074060e-03 
-2.459583e-02 
-1.084706e-02 
-3.299504e-02 
1.640376e-02 
7.548540e-03 
-5.435956e-03 
2.487183e-03 
-1.168019e-02 
-1.623897e-02 
-2.773272e-02 
-2.495115e-02 
-1.585312e-02 
-2.665084e-02 
-2.444061e-02 
-1.786609e-02 
-2.840200e-02 
-1.388297e-02 
-1.521400e-02 
-2.860518e-03 
1.286341e-02 
3.464640e-02 
3.039219e-02 
3.190649e-02 
-1.555518e-02 
1.855227e-03 
-2.531325e-03 
2.461879e-02 
-4.065324e-03 
3.379878e-02 
7.427462e-03 
-1.878924e-02 
-3.156782e-03 
2.418663e-03 
-6.797915e-03 
4.254888e-03 
2.530316e-02 
-2.442799e-02 
-3.442839e-03 
-2.648964e-02 
-1.391211e-02 
-3.085749e-02 
-2.796837e-02 
-2.179943e-02 
-7.823542e-03 
-1.972753e-02 
-2.201652e-02 
-3.995285e-02 
-4.194696e-02 
-2.852205e-02 
-5.104422e-03 
-2.892557e-02 
-7.143929e-03 
2.407993e-02 
-8.088890e-03 
-2.136212e-02 
6.505757e-03 
-1.946244e-02 
-1.586068e-02 
-5.373254e-03 
-1.066940e-03 
-2.912726e-02 
-1.528065e-02 
-1.443617e-02 
-1.385904e-02 
5.904296e-03 
-3.465266e-02 
-1.812501e-02 
3.099912e-02 
2.042261e-02 
-2.610246e-03 
1.936252e-02 
3.388602e-02 
1.693946e-02 
-6.153661e-03 
-1.842792e-02 
4.379346e-04 
-1.438703e-02 
-1.718274e-02 
-3.447099e-03 
1.295632e-02 
1.130291e-02 
3.078286e-02 
1.895573e-02 
-3.587655e-03 
9.814126e-03 
8.404405e-03 
3.101620e-02 
1.360686e-02 
3.456705e-02 
3.101150e-02 
-2.853432e-02 
8.358469e-03 
2.298196e-02 
1.811724e-02 
3.631806e-02 
5.844002e-02 
1.423854e-02 
1.413784e-02 
3.257268e-03 
3.059565e-02 
3.448591e-02 
2.509026e-03 
2.670634e-02 
-6.771627e-03 
-1.796242e-02 
-2.364895e-02 
2.421729e-02 
-1.509515e-02 
-3.913482e-02 
-3.819347e-02 
-1.117971e-02 
-2.474935e-03 
2.513765e-02 
4.084636e-02 
2.505758e-02 
1.047122e-02 
2.205956e-02 
3.013311e-02 
1.766020e-02 
3.423171e-02 
3.768982e-02 
3.069810e-02 
3.545538e-02 
1.062813e-02 
-3.384113e-03 
-1.758729e-02 
2.297077e-02 
-7.497861e-04 
1.088188e-02 
-1.391324e-03 
7.200606e-05 
-6.137775e-03 
-1.334294e-03 
-1.898825e-02 
6.634933e-03 
-4.053132e-02 
-3.209811e-02 
-2.736174e-02 
-1.720912e-02 
-1.785730e-02 
-1.255989e-02 
-1.717089e-02 
2.883611e-02 
1.450800e-02 
-8.563619e-03 
1.038010e-02 
1.594198e-02 
2.309177e-03 
6.093589e-04 
9.553872e-04 
-2.644914e-03 
-1.579105e-02 
8.482896e-03 
1.735067e-03 
6.553906e-04 
1.823909e-02 
1.663568e-02 
1.465725e-02 
2.014054e-03 
1.035048e-02 
4.852627e-03 
2.055916e-02 
1.008002e-02 
-9.525953e-03 
2.010842e-02 
5.111904e-04 
-6.453697e-03 
1.764765e-02 
1.491261e-02 
-7.404524e-03 
3.627913e-02 
-2.124079e-02 
1.297468e-02 
1.425334e-02 
-1.153007e-02 
-2.362819e-03 
-2.499579e-02 
-1.341223e-02 
-3.292195e-02 
1.896656e-03 
-2.690090e-02 
-2.985580e-02 
-1.317949e-02 
2.322061e-02 
-3.121026e-02 
-2.468217e-02 
-1.600863e-02 
-2.310816e-02 
-1.945800e-02 
-1.456656e-02 
-8.081889e-03 
7.929206e-03 
-2.381637e-03 
1.733779e-02 
-1.431250e-02 
-1.441107e-02 
2.678349e-02 
2.264047e-02 
1.879178e-03 
2.263154e-02 
-5.355797e-03 
9.900453e-03 
1.975734e-02 
4.558482e-02 
7.404735e-03 
-6.707976e-03 
1.305711e-02 
3.999824e-02 
-3.589939e-04 
7.321125e-03 
1.532860e-02 
1.030431e-02 
6.476493e-03 
-5.472122e-03 
-6.265463e-03 
-4.705230e-03 
1.501405e-02 
1.082755e-02 
3.111638e-03 
-1.767720e-02 
-4.517458e-03 
-4.264346e-03 
8.949173e-03 
1.251787e-02 
1.470190e-02 
1.652422e-02 
5.217803e-02 
3.417627e-02 
2.989316e-02 
2.041187e-02 
1.557780e-02 
-6.123346e-03 
5.861372e-03 
8.233294e-05 
-4.543202e-03 
2.188901e-03 
-2.574213e-02 
-2.370341e-02 
-9.454505e-03 
-2.775732e-02 
-8.107574e-03 
-8.961971e-03 
-1.586502e-02 
-1.251507e-02 
-2.823110e-02 
-2.294722e-02 
-4.312995e-02 
-1.585493e-02 
9.825355e-03 
-1.364258e-02 
-1.628789e-02 
-5.030824e-02 
-4.248663e-02 
3.802311e-03 
-2.162394e-02 
-2.635691e-02 
-3.660458e-02 
-9.825747e-03 
-3.128385e-02 
-2.299657e-02 
-3.454701e-02 
-1.731435e-02 
-4.334659e-02 
-1.167564e-02 
1.691632e-02 
-1.505758e-02 
-1.685132e-02 
-3.446604e-03 
6.678956e-03 
4.886721e-03 
-3.019013e-02 
-2.768084e-02 
-7.701307e-03 
-1.171547e-02 
-9.024075e-03 
-1.620589e-02 
2.850459e-03 
1.913388e-02 
4.190666e-02 
1.996831e-03 
-1.730403e-02 
-5.813462e-03 
5.254509e-03 
4.374504e-03 
-1.753790e-02 
7.829140e-03 
1.925235e-02 
-4.642285e-03 
7.004256e-03 
2.295963e-02 
3.310716e-03 
1.082095e-02 
1.360964e-02 
1.289461e-03 
1.526996e-02 
1.772660e-02 
2.345391e-02 
3.098069e-03 
3.550040e-02 
1.151689e-03 
6.312033e-03 
2.381882e-02 
1.473896e-02 
-1.388514e-02 
-2.359717e-02 
-9.618572e-03 
-2.925842e-02 
-7.469900e-03 
-2.243494e-02 
2.646899e-02 
2.171595e-02 
3.548454e-02 
-1.225999e-02 
9.217307e-03 
3.733500e-04 
1.348015e-02 
2.319886e-02 
-1.958708e-02 
-1.457246e-03 
2.801811e-03 
4.756585e-03 
1.546968e-02 
1.812212e-02 
-1.455019e-02 
-8.759597e-03 
9.617878e-03 
1.272320e-02 
2.005325e-02 
-3.102046e-04 
-9.660496e-03 
9.837526e-03 
5.525569e-03 
-3.390116e-03 
1.098498e-02 
-1.777913e-02 
1.440719e-04 
-9.402997e-03 
-2.083616e-02 
-2.208657e-02 
7.361224e-03 
-3.290157e-02 
-3.752506e-02 
-2.299873e-02 
-2.048144e-02 
-2.425773e-02 
-1.079990e-02 
-2.428023e-02 
-4.308634e-02 
1.433846e-02 
1.918139e-02 
-7.002201e-03 
-1.414807e-02 
-1.366764e-02 
-6.169966e-03 
-3.181007e-03 
2.604881e-02 
3.238124e-03 
4.959523e-03 
1.372922e-02 
7.264400e-03 
1.677078e-03 
-4.029278e-02 
-3.654807e-02 
-3.457162e-02 
-6.525441e-03 
-4.046253e-02 
-1.781834e-02 
-1.826703e-03 
5.622706e-03 
2.096429e-02 
1.891317e-02 
-8.437615e-03 
4.973394e-03 
1.207276e-02 
1.574233e-02 
-1.038876e-02 
-3.783946e-02 
1.287697e-02 
-4.054626e-02 
-1.196719e-02 
1.206557e-02 
3.326891e-03 
-1.881712e-02 
8.849693e-03 
-5.219161e-03 
-1.651329e-02 
2.579226e-03 
-1.491187e-02 
-5.945178e-04 
2.627930e-02 
-6.216923e-03 
-2.055924e-02 
-2.506367e-02 
-1.690324e-02 
6.821752e-03 
-6.280211e-03 
-4.207804e-03 
3.196620e-03 
-1.039362e-03 
-3.707219e-03 
-1.770184e-02 
2.418772e-02 
1.513372e-02 
-2.466625e-03 
4.870672e-03 
4.794892e-02 
2.410237e-02 
3.053221e-02 
2.580589e-03 
6.425145e-03 
1.568090e-02 
1.153995e-02 
-4.632483e-04 
-9.941783e-03 
2.149046e-03 
-1.966766e-02 
-1.823914e-03 
-4.706033e-03 
3.685940e-04 
-4.033697e-03 
2.363150e-02 
-6.717441e-03 
3.031803e-02 
3.472203e-02 
3.392045e-02 
4.378739e-02 
2.260334e-02 
2.210884e-03 
5.084626e-02 
3.776058e-02 
2.716957e-02 
1.024115e-02 
3.463456e-02 
3.276407e-02 
1.147323e-02 
-1.744093e-02 
5.407852e-03 
5.990945e-03 
1.857899e-03 
-1.695901e-02 
-9.329157e-03 
-2.004501e-03 
-3.329999e-02 
-1.575413e-03 
-2.328051e-02 
2.216533e-02 
1.114383e-02 
-1.237017e-03 
3.048746e-02 
4.406320e-03 
4.055429e-02 
3.848782e-03 
1.440300e-02 
1.432890e-02 
-4.901408e-03 
3.691173e-03 
-3.402575e-02 
-9.823033e-03 
-8.355609e-03 
-8.348850e-03 
2.500645e-02 
1.385206e-02 
8.938920e-04 
1.938729e-02 
-4.942742e-03 
-5.945615e-03 
9.074201e-03 
3.108194e-03 
-1.249174e-02 
-1.843828e-03 
-9.950575e-03 
8.328107e-03 
3.125952e-04 
-3.023832e-02 
5.862020e-03 
5.864644e-03 
-1.534661e-02 
4.130463e-03 
1.682912e-04 
1.902481e-02 
2.264287e-02 
-2.338544e-03 
-7.889315e-03 
1.238209e-02 
-2.055003e-03 
8.280420e-03 
7.743980e-04 
8.011906e-03 
2.744788e-03 
-9.123771e-03 
-5.498757e-03 
-1.118944e-02 
-1.132854e-02 
-3.616620e-02 
-1.963747e-02 
-2.405410e-02 
-9.100651e-03 
-2.857037e-02 
-3.430685e-02 
-3.305258e-02 
2.136495e-03 
-6.760273e-03 
-1.908694e-02 
-1.974232e-03 
-3.273686e-02 
-4.081547e-02 
-2.764479e-02 
-2.627965e-02 
8.087073e-03 
-9.109144e-03 
-3.251892e-02 
1.000987e-02 
3.966281e-03 
-6.640730e-03 
-1.002202e-02 
-3.418589e-02 
-2.909943e-02 
-7.216793e-03 
-3.354200e-02 
6.528715e-04 
-1.300502e-02 
-2.709935e-02 
-2.558556e-02 
-6.240440e-03 
1.177648e-02 
-1.494051e-02 
-2.665507e-04 
2.205948e-02 
1.503741e-02 
1.292880e-02 
1.413295e-02 
2.434575e-02 
1.839044e-02 
-2.708744e-04 
4.223562e-03 
7.972401e-03 
5.773750e-03 
1.691188e-02 
8.129003e-03 
8.210033e-03 
9.996911e-03 
1.154050e-02 
3.103557e-02 
-2.032637e-02 
1.240430e-02 
3.437402e-04 
2.102010e-02 
1.300197e-02 
7.681518e-03 
-8.924683e-04 
-9.112218e-03 
-5.672451e-04 
5.162120e-03 
1.011103e-02 
2.142838e-02 
1.204805e-02 
-2.537716e-02 
3.198317e-03 
-1.356997e-02 
9.825076e-03 
-3.140840e-02 
-1.503850e-02 
-6.041922e-03 
-2.280488e-02 
-8.584321e-03 
-2.805274e-02 
-1.198183e-02 
1.065407e-02 
6.617842e-03 
-1.926929e-02 
-1.533517e-02 
-1.755011e-02 
7.107913e-04 
2.237486e-02 
2.446350e-02 
2.112033e-02 
-7.042321e-03 
2.573906e-03 
-1.024660e-02 
-1.408109e-02 
2.577368e-02 
1.477621e-02 
1.651312e-02 
-8.098859e-04 
-1.691586e-02 
1.391670e-02 
8.035523e-03 
-6.292937e-03 
7.376989e-03 
1.811899e-02 
1.553566e-02 
4.485176e-02 
1.649956e-02 
3.895126e-02 
4.301654e-02 
4.210342e-02 
2.146484e-02 
4.175179e-02 
3.831243e-02 
2.310415e-02 
7.517906e-03 
2.390512e-02 
4.101889e-02 
4.438671e-02 
-1.289838e-04 
1.120109e-02 
2.614261e-02 
2.273484e-02 
3.474536e-02 
1.022552e-02 
1.874736e-02 
3.277667e-02 
3.390171e-03 
8.457966e-03 
-1.219024e-03 
-6.419290e-03 
2.412952e-03 
3.041806e-03 
3.285163e-02 
2.303352e-02 
2.043655e-02 
1.891302e-02 
-1.056439e-02 
6.480225e-03 
2.910855e-03 
9.252861e-03 
-8.228405e-03 
1.692603e-03 
2.793874e-03 
1.496149e-02 
5.657830e-03 
9.762689e-04 
3.849799e-03 
-1.604090e-02 
2.585322e-02 
-1.330722e-02 
-3.028591e-02 
9.403295e-03 
9.745701e-03 
-1.072890e-02 
-2.214054e-02 
-5.531416e-03 
-9.273847e-03 
6.599975e-04 
-2.064656e-03 
-6.932808e-03 
-3.714072e-02 
1.345113e-02 
-2.020069e-02 
-1.270274e-02 
-1.039937e-03 
1.409501e-02 
-1.495554e-02 
9.147455e-03 
-1.017314e-02 
-3.802951e-02 
-3.113076e-02 
-2.938372e-02 
-1.848013e-02 
-3.812861e-02 
-2.484016e-02 
-1.967447e-02 
-1.862755e-02 
3.934400e-03 
2.635044e-02 
-1.029635e-02 
1.498571e-02 
-1.828617e-02 
-7.416077e-03 
-2.618613e-02 
-2.703454e-02 
-2.226666e-02 
-2.526113e-02 
-5.499312e-03 
-5.810176e-03 
-1.949914e-02 
-1.966470e-02 
-8.504691e-03 
-2.051095e-04 
2.013438e-03 
6.360153e-03 
-1.789391e-02 
1.185695e-02 
4.069575e-02 
2.639336e-02 
2.556279e-02 
4.503273e-05 
8.810142e-03 
3.083862e-02 
-4.948269e-03 
2.110057e-02 
-2.742138e-03 
-4.269499e-03 
-1.420004e-02 
6.010974e-03 
2.733014e-03 
-1.311014e-02 
1.136742e-02 
-9.874433e-03 
-1.935793e-02 
-8.993571e-03 
2.480427e-03 
-3.868615e-03 
1.014164e-02 
1.519396e-02 
1.167785e-02 
2.300112e-02 
1.151518e-02 
1.795178e-02 
1.092295e-02 
-1.106296e-02 
-1.301164e-02 
-9.996222e-03 
6.195756e-03 
5.114071e-03 
2.773731e-03 
-2.186378e-02 
-1.465314e-02 
-8.376480e-03 
2.480372e-02 
-1.109335e-04 
-5.598615e-03 
1.784706e-02 
2.089530e-03 
2.517049e-02 
2.473133e-02 
7.671048e-03 
1.819125e-03 
2.866306e-02 
-4.805146e-03 
5.207561e-03 
-4.737799e-03 
-5.515740e-04 
-1.945714e-02 
-4.628179e-03 
-7.998626e-03 
-5.125429e-03 
1.712838e-02 
-2.136159e-02 
-6.503425e-03 
6.182163e-03 
1.481299e-02 
-3.214096e-03 
5.382458e-02 
2.564005e-03 
-1.165014e-02 
3.003675e-02 
6.689835e-03 
7.706536e-03 
4.441219e-04 
6.778517e-03 
3.745302e-03 
2.315836e-02 
3.021498e-02 
3.119361e-02 
3.782865e-02 
1.830409e-02 
-4.616610e-03 
2.121207e-02 
1.594463e-02 
2.787625e-02 
2.006098e-02 
1.885384e-02 
5.111193e-03 
1.123553e-02 
4.393555e-02 
1.776370e-02 
1.519161e-02 
3.196021e-03 
1.375488e-02 
1.174794e-03 
1.135862e-02 
-9.108652e-03 
1.284026e-03 
1.857793e-02 
2.081191e-02 
3.062700e-02 
4.262795e-02 
3.000709e-03 
-6.707577e-04 
-9.155184e-03 
9.671448e-03 
4.376884e-02 
4.111099e-02 
2.320658e-02 
-1.364954e-02 
-1.380555e-02 
-2.707271e-02 
-2.396603e-02 
-2.122737e-02 
-1.969417e-02 
-6.808156e-03 
-1.821850e-03 
2.375577e-03 
-2.054843e-03 
1.811089e-02 
3.053299e-02 
1.328921e-02 
1.566839e-02 
-3.910345e-03 
-6.089024e-03 
-1.610571e-03 
-1.597332e-02 
-5.140223e-03 
-2.750661e-03 
-1.255719e-02 
4.332738e-03 
-2.875290e-04 
-4.683107e-02 
-2.591540e-02 
-3.665788e-02 
-3.971645e-02 
-1.815025e-02 
-2.149662e-03 
-8.944592e-03 
1.322303e-02 
-5.646315e-03 
-6.063824e-03 
4.967018e-03 
-6.055172e-04 
-2.091064e-02 
-2.877986e-02 
-1.105715e-02 
-8.590126e-03 
-1.947392e-02 
-2.532935e-02 
-2.188681e-02 
-2.319699e-02 
-1.252261e-02 
-2.960673e-02 
-1.959900e-02 
-2.550633e-02 
-2.992016e-02 
-2.107007e-02 
3.229152e-03 
6.088415e-03 
-9.117977e-03 
-1.921676e-02 
3.044727e-03 
1.913520e-03 
-2.882377e-03 
5.145349e-02 
1.078390e-02 
2.191098e-02 
3.661486e-02 
2.025106e-02 
3.018554e-03 
-9.015259e-03 
-6.142585e-03 
-2.587347e-03 
-2.607816e-02 
-3.621143e-02 
-4.683310e-02 
-1.082811e-02 
-1.183733e-02 
-1.278560e-02 
-2.062060e-02 
1.027363e-02 
-7.482423e-03 
-1.160632e-02 
1.064165e-02 
-6.663164e-03 
4.668212e-03 
-1.204274e-03 
-5.296158e-03 
-1.989990e-02 
3.065331e-03 
7.551338e-03 
-6.637993e-03 
-2.267632e-03 
6.944175e-03 
6.358851e-03 
1.026707e-02 
1.745251e-03 
2.130950e-02 
5.808843e-03 
2.553053e-03 
9.425128e-03 
9.018825e-03 
2.790186e-02 
1.892038e-02 
3.034279e-02 
3.361699e-02 
3.934415e-02 
2.552314e-02 
1.923885e-02 
5.306591e-02 
7.744212e-03 
1.795309e-02 
9.624727e-03 
2.972605e-03 
6.819961e-03 
2.162636e-02 
1.605228e-02 
8.152640e-03 
3.752744e-02 
2.054549e-02 
3.823646e-02 
2.039738e-02 
-1.083866e-02 
4.945731e-03 
-1.293315e-02 
-1.240614e-02 
-8.669327e-03 
-7.498873e-03 
-1.110882e-02 
-6.420788e-03 
-2.231528e-02 
-4.373693e-03 
-1.799967e-02 
-1.489492e-02 
-3.173130e-02 
-1.373220e-03 
-1.975752e-02 
-2.539686e-03 
3.246438e-03 
-1.463055e-02 
-2.004653e-02 
1.643700e-02 
-6.704794e-03 
7.592322e-03 
6.707845e-03 
7.627229e-03 
-1.453812e-02 
-1.842247e-02 
4.118036e-04 
-2.187152e-03 
1.136435e-02 
4.692427e-02 
3.041835e-02 
1.333126e-02 
1.807715e-03 
2.969332e-02 
-3.263440e-03 
1.423298e-02 
1.197416e-02 
2.505729e-03 
3.244559e-02 
2.598505e-02 
3.415705e-03 
1.037280e-02 
-1.787445e-03 
-5.156235e-03 
4.160485e-03 
-3.223766e-03 
2.545130e-02 
-1.791848e-02 
5.064271e-03 
-8.602687e-03 
-1.689170e-02 
-1.370750e-03 
1.674560e-03 
-6.244333e-03 
1.250076e-02 
3.243170e-03 
-2.205927e-02 
-1.054154e-03 
1.315182e-03 
-1.409288e-02 
6.289558e-03 
-8.706375e-03 
6.525925e-03 
-4.923600e-03 
-7.774916e-04 
1.348997e-03 
-1.714619e-02 
-1.816459e-02 
-1.697176e-02 
-1.582906e-02 
-1.637557e-02 
1.447321e-02 
-1.929138e-02 
1.436534e-02 
-1.860738e-03 
-1.014099e-02 
-1.858979e-02 
-3.602448e-02 
-3.588598e-02 
-1.919186e-03 
-1.612133e-02 
-2.699517e-02 
-3.999304e-02 
-6.308942e-03 
-2.212682e-02 
-1.280802e-02 
8.067607e-03 
-3.561563e-03 
-2.581897e-02 
-1.992753e-02 
-5.462743e-03 
-1.591549e-02 
1.262527e-02 
-6.687525e-03 
-4.148213e-02 
-2.928394e-02 
1.025819e-02 
8.619192e-03 
-1.214789e-02 
1.609354e-02 
-7.676046e-03 
-5.484788e-03 
-2.128460e-02 
5.145671e-03 
-2.786263e-02 
-2.891664e-02 
-8.849275e-03 
-4.361203e-02 
-3.050419e-02 
-3.231232e-02 
-2.591316e-02 
-1.888679e-02 
-1.682363e-02 
-2.113316e-02 
-3.180846e-02 
1.008968e-02 
4.392015e-03 
8.894053e-03 
5.925624e-03 
-4.407033e-03 
2.359007e-02 
-1.838007e-03 
-1.867610e-02 
-9.551413e-03 
1.714471e-02 
-9.677352e-03 
-3.139017e-02 
-4.049704e-02 
-1.304964e-02 
1.941849e-02 
-1.428407e-02 
-4.106383e-03 
-2.441092e-02 
-9.779908e-03 
1.181466e-02 
1.156050e-02 
-1.574380e-02 
-6.849010e-03 
1.479671e-03 
1.124148e-02 
5.377835e-03 
-1.016677e-02 
5.116291e-05 
1.660426e-02 
1.520926e-02 
8.818719e-03 
2.437906e-02 
3.299902e-03 
-1.820661e-02 
4.267438e-03 
2.118089e-02 
-4.317343e-03 
-2.011654e-03 
-2.997099e-02 
1.082365e-03 
1.286715e-03 
-1.075216e-02 
-1.442017e-02 
-1.820732e-02 
1.233093e-02 
-6.524311e-03 
-2.658754e-03 
-1.440730e-03 
-1.846888e-02 
-8.328815e-03 
1.480509e-02 
3.301808e-02 
3.265451e-02 
1.421590e-02 
1.666830e-02 
-9.690628e-03 
1.140419e-02 
4.192213e-03 
-8.021470e-03 
-4.860167e-03 
2.725969e-03 
-1.844280e-02 
1.982810e-02 
1.710473e-02 
-4.758955e-03 
-4.856947e-03 
-2.637909e-02 
-3.002469e-02 
-6.455923e-03 
-6.212671e-04 
-1.928853e-02 
7.170391e-03 
-2.005997e-02 
-4.270209e-02 
-1.916318e-02 
-3.129989e-02 
-2.928563e-02 
-2.939662e-02 
-1.440652e-03 
1.943001e-02 
2.455101e-02 
-3.106192e-02 
-2.184911e-02 
3.825961e-03 
-1.650703e-02 
1.586543e-02 
-4.869336e-02 
-4.505370e-03 
6.343811e-03 
1.422843e-02 
1.514031e-02 
6.072750e-03 
2.388035e-02 
-7.931480e-03 
-1.918503e-02 
-1.044341e-02 
-2.409036e-02 
-3.326849e-02 
-2.670375e-02 
-1.679708e-02 
-3.712078e-02 
-3.577839e-02 
-4.187456e-02 
-4.301676e-02 
-4.284905e-02 
-3.475789e-02 
-4.284337e-03 
-4.732395e-02 
-3.853579e-02 
-3.908418e-02 
-4.345343e-02 
-3.524214e-02 
-3.435842e-02 
-1.184614e-02 
-1.061744e-02 
-1.264607e-02 
-1.217575e-02 
-2.714110e-02 
-4.456844e-03 
-1.353334e-02 
-1.722369e-02 
1.117711e-03 
-2.482506e-02 
-1.170093e-03 
-3.736053e-02 
-9.302842e-03 
1.149952e-02 
-3.125950e-02 
1.323027e-02 
3.712385e-03 
-1.841703e-02 
-1.115149e-02 
2.099673e-02 
-1.121043e-02 
1.980051e-02 
-1.199798e-02 
-9.295230e-03 
-2.577365e-02 
3.072239e-03 
-2.104772e-02 
-1.790701e-02 
-7.079333e-03 
-2.808506e-02 
-9.787904e-03 
-3.055771e-02 
-2.202394e-02 
1.099444e-02 
6.451752e-03 
-3.094808e-02 
-1.985057e-02 
-1.525641e-02 
-4.209598e-03 
-2.400570e-02 
-5.361284e-03 
7.807410e-03 
1.595694e-02 
5.391163e-03 
1.106584e-02 
1.345385e-02 
3.406094e-03 
1.185796e-02 
1.799149e-02 
1.626428e-02 
-2.440754e-03 
1.911155e-02 
3.525025e-03 
-4.882473e-03 
4.151247e-03 
1.640055e-02 
-6.227825e-03 
-2.298117e-03 
8.569504e-03 
9.645106e-03 
1.894943e-02 
8.901825e-03 
-3.573191e-03 
-6.686584e-03 
1.201390e-02 
-1.404634e-02 
-4.933613e-03 
-4.236519e-03 
-1.339986e-02 
-2.583267e-02 
-7.801258e-04 
8.728078e-03 
-4.138191e-03 
-2.997973e-02 
-1.990191e-02 
-2.592287e-02 
-2.655881e-02 
-2.714272e-02 
-7.380129e-03 
-2.919121e-02 
-3.604376e-03 
-7.598078e-04 
1.044238e-02 
-2.162091e-02 
-7.764119e-03 
-2.650735e-02 
5.257610e-03 
-5.634822e-03 
1.678290e-02 
3.109693e-03 
-1.551020e-03 
-9.323485e-03 
-1.369471e-02 
-3.558651e-03 
-2.087006e-02 
-5.427750e-02 
-3.168123e-03 
-2.697295e-02 
-5.295907e-02 
-6.578467e-03 
3.675225e-03 
-3.637254e-03 
1.331590e-02 
-1.865951e-02 
-3.806314e-02 
-3.389675e-03 
-2.548333e-02 
-2.606949e-02 
-2.008409e-02 
-1.994466e-02 
-2.078617e-02 
-2.080960e-02 
-6.537510e-04 
1.243466e-02 
-2.191996e-02 
-8.323623e-03 
-7.139816e-03 
2.708980e-02 
-1.131346e-03 
1.598214e-02 
1.176611e-02 
1.699648e-02 
4.539248e-03 
1.197512e-02 
1.004010e-02 
-4.474665e-03 
1.519469e-02 
-9.865133e-03 
-1.950563e-02 
-2.955977e-02 
-4.107087e-03 
1.533872e-02 
8.856946e-05 
6.102512e-03 
2.420129e-03 
-2.408632e-03 
-1.326105e-02 
2.311180e-03 
1.609872e-02 
1.077117e-02 
4.207799e-04 
-3.846930e-03 
2.149905e-03 
-5.689071e-03 
3.556175e-02 
8.406426e-03 
1.384574e-02 
7.292830e-03 
1.387296e-02 
2.251900e-02 
4.752474e-02 
3.623506e-02 
4.233792e-02 
5.565625e-02 
4.869131e-02 
4.183914e-02 
3.869226e-02 
3.878784e-02 
3.906667e-02 
8.502744e-03 
3.939855e-03 
2.246166e-02 
3.639123e-02 
3.787856e-02 
2.218948e-02 
3.303498e-02 
5.952862e-02 
1.360952e-02 
-4.582571e-03 
2.174112e-02 
9.382104e-03 
1.386122e-02 
7.062712e-03 
3.081421e-02 
1.733642e-02 
1.656950e-02 
1.106816e-02 
4.704602e-02 
1.860650e-02 
3.653117e-03 
1.421831e-02 
2.110221e-02 
1.388928e-02 
3.028311e-02 
2.694390e-02 
5.225485e-02 
2.329978e-02 
3.974159e-02 
3.165440e-02 
3.072917e-03 
3.379530e-02 
2.905627e-02 
3.385663e-02 
3.858685e-02 
2.112147e-02 
2.114030e-02 
1.691658e-02 
2.509459e-02 
3.463633e-02 
2.880608e-03 
2.444363e-02 
6.771839e-03 
-1.275284e-02 
9.741183e-03 
2.790922e-03 
-8.915328e-03 
-2.149534e-02 
1.439229e-02 
1.604509e-03 
-1.582035e-02 
5.301517e-03 
-4.181498e-03 
-1.822649e-02 
3.255228e-03 
1.453585e-03 
9.245299e-03 
1.501935e-02 
-4.464039e-03 
5.120970e-03 
6.598404e-03 
1.144445e-02 
-1.924941e-02 
-6.890874e-03 
-1.026367e-02 
-1.391881e-02 
6.128922e-04 
-3.880185e-02 
-7.861385e-04 
-1.627799e-02 
-5.533534e-02 
-5.920776e-02 
-4.481986e-02 
-1.988566e-02 
1.182237e-02 
-2.848824e-02 
9.893022e-03 
-3.080566e-02 
-3.004445e-02 
-3.078676e-02 
-5.143602e-02 
-9.375108e-03 
-7.094188e-03 
-4.315778e-03 
-1.063366e-02 
4.873732e-03 
2.194138e-02 
5.483154e-03 
-2.250187e-02 
-3.524848e-02 
-1.038174e-02 
-1.759697e-03 
1.182698e-03 
8.303916e-03 
-2.762367e-03 
1.669532e-03 
-7.283791e-03 
-9.338499e-03 
-3.170269e-03 
1.781176e-03 
-1.039333e-02 
2.823472e-03 
-6.935608e-03 
-2.016410e-02 
6.769200e-03 
-8.863072e-03 
-3.592373e-05 
1.294313e-02 
1.535568e-02 
-1.054584e-02 
-1.805147e-02 
2.065964e-02 
2.905968e-02 
4.097036e-05 
2.220368e-02 
6.196462e-03 
1.454248e-03 
-1.171908e-02 
-2.082037e-03 
9.276716e-03 
2.457816e-02 
3.753040e-02 
3.248917e-02 
3.279715e-02 
2.265396e-02 
2.510579e-02 
5.127772e-02 
8.570492e-03 
-9.361327e-04 
1.257799e-02 
1.912693e-02 
6.548873e-03 
-5.300199e-03 
2.607743e-02 
7.591969e-03 
1.793235e-02 
1.366010e-02 
4.833183e-02 
1.162174e-02 
1.366429e-02 
2.413581e-02 
-5.120540e-03 
9.526505e-03 
-6.323542e-03 
4.107496e-03 
1.118464e-02 
5.905174e-03 
3.001225e-02 
1.097243e-02 
1.770018e-02 
2.034717e-02 
2.750070e-02 
2.905469e-02 
4.956949e-02 
3.458377e-02 
3.380744e-02 
2.815880e-02 
2.149662e-02 
2.783800e-02 
3.628287e-02 
2.062756e-02 
1.552980e-02 
1.051799e-02 
2.363040e-02 
3.261367e-02 
2.089009e-02 
3.338459e-02 
2.512119e-02 
2.167049e-02 
2.529155e-02 
3.194301e-02 
3.195735e-02 
2.337366e-02 
2.728466e-03 
8.342967e-03 
-1.393405e-02 
9.912241e-03 
-4.400787e-02 
-2.743023e-03 
3.554022e-02 
1.165000e-02 
-6.778951e-03 
1.109414e-03 
-7.727422e-03 
1.760364e-03 
1.641398e-03 
-7.820027e-03 
-1.153218e-02 
1.834003e-02 
2.505162e-02 
1.245384e-02 
1.176372e-02 
-1.870485e-04 
-2.901096e-02 
2.030336e-02 
3.763361e-02 
3.657776e-03 
1.960899e-02 
2.753967e-02 
-8.017097e-03 
3.599066e-02 
4.010205e-03 
-2.289229e-03 
3.083606e-03 
6.250114e-03 
8.187514e-04 
3.690912e-02 
1.529689e-02 
-9.478610e-03 
-1.113992e-04 
3.927243e-03 
-9.656127e-05 
1.978760e-03 
-2.632050e-02 
-2.894631e-03 
-1.337845e-02 
1.463085e-02 
-9.713592e-03 
-1.041233e-03 
-1.092282e-02 
1.494190e-02 
1.296738e-02 
2.228141e-02 
2.380387e-02 
2.631405e-02 
-3.745826e-03 
1.216880e-02 
2.710050e-02 
3.536184e-02 
1.584051e-02 
-2.869237e-03 
2.316872e-02 
8.683251e-03 
3.109316e-02 
1.640944e-02 
3.315837e-02 
2.572396e-02 
2.862069e-02 
-1.093423e-03 
-6.377028e-04 
2.316505e-03 
5.148804e-03 
-5.776989e-03 
1.558867e-02 
1.839480e-02 
1.645145e-02 
1.168842e-02 
3.277536e-03 
5.609408e-03 
-1.978450e-03 
-7.443075e-03 
4.670572e-04 
1.353871e-02 
2.066366e-03 
-2.256258e-03 
3.083942e-02 
1.676387e-02 
1.221626e-02 
1.187202e-02 
1.854943e-02 
2.890491e-02 
2.494141e-02 
2.856527e-02 
1.206790e-02 
6.066426e-03 
3.601392e-05 
-1.151367e-02 
1.690420e-02 
2.487385e-02 
3.867662e-02 
1.999057e-02 
4.120296e-02 
6.202942e-03 
2.443633e-02 
-8.335944e-03 
2.190426e-02 
2.599602e-02 
1.744166e-02 
1.944672e-02 
4.314090e-04 
-5.233929e-03 
-5.748579e-04 
8.579977e-03 
1.564976e-02 
9.724556e-03 
-4.090934e-03 
2.303439e-03 
-1.399482e-02 
-4.303751e-03 
1.418235e-02 
2.756336e-04 
-1.873134e-02 
-1.819407e-03 
1.818414e-02 
1.589069e-02 
-1.066764e-02 
-6.412498e-03 
1.372486e-02 
2.563220e-03 
1.843037e-03 
1.167139e-02 
-1.247903e-02 
-1.900058e-02 
3.356947e-03 
6.829309e-03 
1.492149e-02 
1.767887e-03 
1.097804e-02 
-2.959169e-03 
-2.182351e-02 
1.212855e-02 
2.097451e-02 
1.624553e-02 
9.450423e-03 
1.782263e-02 
1.135968e-02 
2.662302e-02 
4.675362e-02 
4.497891e-02 
3.002984e-02 
1.321804e-02 
2.170322e-02 
-1.537005e-02 
-1.951235e-03 
4.418321e-03 
1.013992e-02 
1.645113e-03 
2.373250e-03 
7.739682e-03 
-2.881940e-02 
3.056506e-03 
-7.327176e-03 
2.058832e-02 
-2.378089e-03 
-5.802977e-03 
2.560180e-02 
4.660341e-02 
3.028421e-02 
3.110098e-02 
2.001867e-03 
7.546001e-03 
-3.145286e-02 
-1.700613e-02 
2.102692e-02 
-1.346354e-02 
-3.393131e-03 
1.306375e-02 
8.625605e-03 
-2.338415e-02 
-8.908935e-03 
-3.731389e-04 
-1.793702e-02 
1.761351e-02 
1.597110e-02 
2.093714e-02 
-1.962784e-03 
-1.318349e-02 
-1.083741e-03 
2.678600e-02 
2.297971e-02 
-2.311953e-03 
1.910803e-02 
5.654371e-03 
1.122595e-02 
-1.281922e-03 
1.657742e-02 
1.581912e-02 
1.660340e-02 
1.073367e-02 
1.099434e-02 
1.955602e-02 
-1.806841e-02 
8.392527e-03 
4.281305e-03 
1.891936e-02 
1.043172e-02 
1.189481e-02 
-1.538077e-02 
2.905281e-02 
-4.057364e-03 
4.186979e-03 
2.598948e-02 
2.781683e-02 
1.187878e-02 
2.761815e-02 
7.875182e-03 
2.860319e-02 
4.520055e-02 
7.059356e-03 
3.098514e-02 
2.764636e-02 
3.230256e-02 
3.357302e-02 
1.705674e-02 
-3.826109e-03 
5.431640e-03 
1.423940e-02 
5.199311e-03 
2.612010e-02 
2.182499e-02 
1.623501e-02 
2.738737e-02 
-4.172074e-03 
9.445879e-03 
2.218186e-02 
4.049036e-02 
-8.803785e-04 
9.789829e-03 
1.773712e-02 
-9.688426e-04 
-1.129397e-02 
1.689036e-02 
1.499674e-02 
-3.750942e-03 
1.352957e-02 
-1.471062e-02 
-1.755599e-02 
-3.149945e-03 
-1.565306e-02 
-1.256276e-02 
4.752031e-03 
-1.095373e-03 
-8.336867e-04 
-2.719087e-02 
4.683683e-03 
2.068289e-02 
-2.436909e-02 
-7.250491e-04 
-3.241461e-03 
-5.334565e-03 
-2.566941e-02 
-7.947956e-03 
1.767955e-02 
4.881872e-03 
5.888456e-03 
1.081321e-02 
-1.040902e-02 
-3.248724e-02 
-7.246460e-03 
-2.702139e-03 
-5.712133e-03 
-9.720796e-03 
-2.241235e-02 
-1.443373e-02 
2.059539e-02 
2.048431e-02 
1.024304e-02 
1.977656e-02 
1.152981e-02 
4.106623e-03 
1.952164e-03 
7.290748e-03 
2.098499e-02 
8.022054e-03 
-3.107086e-03 
2.018188e-02 
-1.740696e-03 
5.530516e-03 
5.958360e-03 
2.526339e-03 
-8.258472e-03 
2.784488e-03 
1.333032e-02 
2.092737e-02 
1.292540e-02 
8.816882e-03 
-3.659858e-03 
8.251189e-04 
-1.948024e-02 
-3.819068e-02 
1.054661e-02 
-2.425005e-02 
-1.866421e-02 
-2.412607e-02 
-3.058012e-02 
2.829471e-03 
-3.834438e-02 
1.313219e-03 
1.292811e-02 
8.612460e-04 
3.339787e-02 
1.794822e-02 
8.854052e-03 
-9.344664e-03 
-2.906752e-03 
-2.188969e-02 
-1.987746e-03 
-2.527465e-02 
8.458532e-03 
5.943663e-04 
-3.315246e-02 
-1.130517e-02 
-1.954136e-02 
1.399131e-02 
2.084993e-03 
-4.255447e-04 
-2.741598e-02 
-2.861820e-02 
-1.640080e-02 
-3.417648e-02 
-1.669019e-02 
-1.379387e-02 
-2.272254e-02 
-2.289347e-02 
-1.465549e-02 
-1.667921e-02 
-1.203436e-02 
-1.557054e-02 
-3.592939e-04 
-1.893307e-02 
-2.897243e-02 
-5.209108e-03 
-2.259258e-02 
-5.180116e-03 
-6.143437e-03 
-1.084504e-02 
-2.869249e-03 
-2.800200e-02 
1.929389e-02 
-1.774868e-02 
2.795667e-03 
1.381929e-02 
1.677992e-02 
-1.823329e-02 
1.017154e-03 
-9.350068e-03 
-1.466711e-02 
-3.755213e-02 
-1.220657e-02 
-2.700270e-02 
-2.109664e-02 
-7.978801e-03 
-8.795898e-04 
-4.309836e-03 
-3.597078e-02 
-1.125764e-02 
-5.337346e-03 
-4.354620e-02 
-3.214966e-02 
-2.381285e-02 
-1.156907e-02 
-1.525705e-02 
-1.399256e-02 
2.420970e-02 
1.443047e-06 
-8.939175e-03 
-2.200555e-02 
-2.654988e-02 
2.463551e-02 
1.570502e-02 
-1.115547e-02 
1.178204e-02 
-1.733811e-02 
1.132560e-02 
-2.762401e-02 
4.365010e-03 
-1.343343e-02 
-6.616597e-03 
-7.893815e-03 
9.399935e-04 
-2.228090e-02 
-1.371029e-02 
-1.069651e-02 
4.094775e-03 
-2.079728e-02 
-2.775342e-03 
-4.826866e-02 
-5.271982e-02 
-3.169423e-02 
-2.338238e-02 
-1.897128e-02 
-3.088275e-02 
-1.855899e-03 
-1.014026e-02 
-1.339363e-02 
3.766343e-03 
-1.642234e-02 
-4.764903e-02 
-3.905471e-02 
-5.699641e-03 
3.650283e-06 
8.371301e-03 
1.236674e-02 
1.582804e-02 
2.581599e-02 
-3.792947e-03 
2.749965e-02 
-1.530710e-02 
-2.535224e-02 
-2.278073e-02 
2.339483e-03 
2.417174e-03 
-7.957614e-03 
4.925720e-03 
-1.382329e-02 
-1.616069e-02 
6.094968e-03 
2.009306e-03 
4.591144e-03 
-1.401823e-02 
-8.177807e-03 
1.015227e-03 
-1.069956e-02 
3.932623e-03 
-5.208236e-03 
-7.587576e-03 
1.251890e-02 
7.842196e-03 
2.471556e-02 
2.560038e-02 
-1.933927e-03 
-9.398206e-03 
-2.807350e-03 
-2.769405e-02 
7.469527e-03 
2.032816e-02 
1.530018e-02 
3.115677e-02 
3.652045e-02 
3.033829e-02 
3.478793e-02 
2.421624e-02 
4.144506e-02 
2.249633e-02 
6.247702e-03 
6.932926e-04 
1.381235e-02 
2.318852e-02 
1.455821e-02 
2.830729e-02 
1.512459e-02 
8.449960e-03 
4.544770e-03 
-1.440271e-02 
1.263175e-02 
1.885689e-02 
1.210365e-02 
1.273574e-02 
2.722839e-02 
2.406295e-02 
1.105869e-02 
1.838808e-02 
1.182650e-02 
1.394600e-02 
1.129392e-03 
-6.443194e-03 
3.121313e-03 
-1.877067e-02 
-1.783329e-02 
-1.168397e-02 
-8.167965e-03 
2.879909e-02 
1.313008e-02 
1.200540e-02 
-5.130856e-03 
1.415283e-02 
4.343448e-02 
7.396100e-03 
-2.073865e-03 
-1.373138e-02 
-5.861147e-03 
-2.683925e-02 
-1.713255e-02 
-8.594185e-03 
-1.682887e-02 
-3.083700e-02 
-1.007743e-02 
-1.495496e-02 
-1.184049e-02 
-1.246751e-02 
-2.619607e-02 
-2.035854e-02 
-1.070103e-02 
-1.871625e-02 
-2.318571e-02 
-9.664483e-03 
-1.031883e-02 
-7.147348e-03 
-1.255717e-02 
-2.672099e-02 
-8.486886e-03 
-2.248333e-02 
-2.996249e-02 
-4.458296e-02 
-2.200548e-02 
-4.248444e-02 
-2.716480e-02 
-9.633841e-03 
-1.030230e-02 
-2.530717e-02 
-1.764445e-02 
-1.354134e-02 
1.807473e-02 
-5.147725e-03 
-1.151227e-02 
-1.448640e-02 
-1.293531e-02 
-1.521822e-02 
1.674780e-02 
1.787988e-02 
-8.586087e-04 
2.973676e-02 
1.762106e-02 
1.245568e-02 
-1.593570e-02 
-2.883907e-03 
-1.052303e-02 
-5.088634e-03 
-1.806771e-02 
-2.624309e-02 
-3.428366e-02 
-2.520215e-02 
-3.802931e-02 
-2.056549e-02 
-1.299095e-02 
2.146374e-03 
-1.150868e-02 
4.117179e-03 
-2.198854e-02 
5.830418e-03 
2.232825e-02 
-2.074770e-02 
-1.040492e-02 
1.149543e-03 
7.591398e-03 
-1.148864e-02 
-1.030530e-02 
-2.014228e-02 
2.875811e-03 
-1.343989e-02 
-2.338438e-02 
2.205372e-04 
-1.112571e-02 
-1.733733e-03 
3.114476e-04 
-3.142541e-02 
-2.055867e-02 
-1.402712e-02 
-2.477144e-02 
-2.463835e-02 
-2.343702e-02 
-7.846042e-04 
2.469594e-02 
2.217565e-02 
1.512730e-02 
2.201910e-02 
2.554857e-02 
3.027735e-02 
2.216574e-02 
1.274482e-03 
-2.106296e-02 
2.098509e-02 
2.799195e-02 
4.575698e-03 
2.365214e-02 
1.258872e-02 
6.406771e-03 
2.981985e-02 
2.697336e-02 
1.643773e-02 
-4.299731e-03 
-1.200377e-02 
3.592360e-02 
1.647124e-02 
3.763886e-02 
2.909277e-02 
3.754664e-02 
2.612840e-02 
1.100373e-02 
2.095595e-02 
2.034085e-02 
3.690962e-02 
2.351195e-02 
1.824916e-02 
4.240393e-03 
3.442408e-02 
7.869115e-03 
1.745632e-02 
3.046828e-02 
3.267116e-02 
1.439721e-02 
1.226941e-02 
2.638247e-02 
2.305508e-02 
3.052215e-02 
1.288099e-02 
-9.295298e-03 
2.345327e-02 
3.933295e-02 
-1.341413e-03 
2.697429e-02 
1.161532e-02 
-2.764881e-03 
5.654519e-03 
2.403376e-02 
6.259383e-03 
2.942669e-02 
2.398988e-02 
3.492324e-02 
1.886902e-02 
3.003507e-02 
1.067049e-02 
2.550218e-02 
-6.444672e-03 
-2.179313e-03 
6.520604e-03 
3.407015e-02 
8.333534e-03 
2.039647e-02 
-2.013720e-03 
1.335436e-02 
5.725451e-03 
1.233031e-02 
-3.141970e-03 
-1.009320e-03 
-2.262589e-02 
-1.244456e-02 
-4.870115e-04 
3.989054e-03 
1.277318e-02 
-1.115813e-02 
-5.425029e-03 
1.760562e-02 
1.313764e-02 
-1.343099e-02 
-7.168588e-03 
-3.726601e-02 
-2.900443e-02 
-2.369760e-02 
1.387065e-02 
-2.257073e-02 
1.189558e-02 
-7.945882e-03 
8.600014e-04 
-3.299923e-02 
-2.362072e-02 
-2.830618e-02 
-2.699030e-02 
-5.303894e-02 
-4.386146e-02 
-4.342280e-02 
-3.397927e-02 
-4.678992e-03 
-2.757822e-02 
-4.751773e-02 
-4.719325e-02 
-2.029925e-02 
-2.426274e-02 
-2.847477e-02 
-4.484817e-02 
-7.583657e-03 
-1.003375e-02 
-2.231823e-02 
-2.555572e-02 
3.533803e-03 
8.610062e-04 
-4.190925e-03 
-2.446433e-02 
-2.566765e-02 
-2.391585e-02 
-3.004800e-02 
-1.063426e-02 
-2.775525e-02 
-5.451774e-03 
-1.684407e-03 
1.141475e-02 
-1.198120e-02 
-1.513840e-02 
-3.728184e-02 
-4.570858e-03 
-5.284373e-03 
1.564205e-02 
-8.636477e-03 
-3.276211e-02 
-2.441348e-02 
-3.640613e-02 
-1.096867e-02 
-7.981039e-03 
-4.385953e-03 
-7.587796e-03 
-2.172896e-03 
-1.710441e-02 
-5.114498e-02 
-2.041366e-02 
-2.285350e-02 
-9.108395e-03 
9.849906e-04 
-2.288392e-02 
-1.096956e-02 
1.006785e-03 
-2.650794e-02 
-7.469444e-03 
-1.929760e-02 
-5.284698e-03 
-2.821468e-03 
3.303878e-03 
2.490064e-02 
-1.358417e-02 
-1.065521e-03 
-1.921503e-02 
-3.486409e-02 
-3.659857e-02 
-3.413035e-02 
-3.399247e-02 
-3.254967e-03 
-1.471499e-02 
-1.225464e-02 
-1.214513e-03 
-2.581177e-02 
-2.027707e-02 
-2.162521e-02 
-3.949786e-02 
4.256443e-03 
-2.631408e-02 
-2.335587e-03 
1.581161e-02 
3.550681e-02 
-1.168043e-02 
-9.440399e-03 
-2.594072e-02 
-3.251840e-02 
-2.111245e-02 
1.613379e-03 
-1.847339e-02 
-1.732178e-02 
2.079436e-02 
8.790093e-03 
-4.243180e-03 
2.646641e-02 
2.194670e-02 
3.915180e-03 
3.507638e-02 
1.202878e-02 
2.702748e-02 
1.260914e-02 
6.057126e-03 
-1.702999e-02 
-7.480958e-03 
1.415386e-02 
1.192652e-02 
-1.058139e-02 
1.031627e-02 
-4.330808e-03 
-4.002794e-03 
5.489423e-03 
-2.512664e-02 
1.389380e-02 
-2.322782e-03 
-3.597617e-02 
-2.013484e-02 
-2.116966e-02 
-1.027970e-02 
-2.755329e-02 
-1.061176e-02 
6.293920e-03 
9.496273e-05 
-8.334277e-04 
-4.296242e-05 
-1.483154e-03 
5.502322e-03 
-1.819541e-02 
-1.278655e-03 
-3.442531e-03 
-3.129663e-03 
-5.509039e-02 
-2.597723e-02 
-1.721836e-02 
-1.310426e-03 
-1.753986e-02 
-7.634483e-03 
-1.407278e-02 
6.647280e-03 
-1.232881e-02 
2.306579e-02 
-1.782207e-02 
7.745129e-03 
3.113137e-02 
1.376032e-03 
1.648890e-02 
1.873588e-02 
8.451642e-03 
-4.573180e-04 
1.800924e-02 
4.526676e-02 
1.928194e-02 
-2.585108e-02 
-1.291847e-02 
-2.184086e-02 
-1.292535e-02 
-9.960269e-03 
-1.109288e-02 
4.789436e-03 
-1.661039e-02 
-4.578717e-03 
1.372620e-02 
-1.253099e-02 
-1.632423e-02 
-1.647355e-02 
-5.013586e-03 
-1.434810e-02 
-2.284017e-02 
-3.333312e-02 
4.265362e-03 
-1.493616e-02 
-3.133776e-02 
-2.722268e-02 
-2.291736e-02 
-1.078321e-02 
-9.381975e-03 
1.386411e-02 
-2.799233e-02 
2.308687e-02 
-5.473281e-04 
-3.739527e-03 
-3.493068e-02 
-1.613794e-02 
-1.490117e-02 
2.836708e-02 
-4.287047e-03 
-1.817261e-02 
1.098575e-02 
1.775954e-02 
-8.222804e-04 
-1.306212e-02 
-1.348139e-02 
1.048054e-02 
2.258470e-02 
3.142105e-02 
1.709940e-02 
2.749536e-03 
1.200326e-02 
1.035110e-02 
7.609481e-03 
-2.491324e-02 
-1.509340e-02 
-1.090731e-02 
-1.301722e-02 
1.854572e-02 
1.774281e-02 
7.834768e-03 
3.042237e-02 
-8.344567e-03 
2.489365e-02 
2.180746e-02 
4.049015e-02 
2.842935e-02 
2.372254e-02 
1.747957e-02 
3.284931e-02 
1.638092e-02 
2.790276e-02 
1.484077e-02 
7.227566e-03 
1.781227e-02 
3.502660e-02 
2.357357e-02 
7.041326e-03 
8.617954e-03 
7.319681e-03 
-2.690905e-03 
1.620884e-02 
3.153229e-02 
1.332029e-02 
-2.827642e-02 
1.425796e-02 
2.060389e-02 
-7.088305e-03 
-1.996055e-02 
-4.923733e-03 
5.185928e-03 
1.462784e-02 
2.275001e-03 
-1.256806e-03 
-4.065791e-03 
8.029415e-03 
3.055036e-02 
-3.182370e-03 
3.319447e-03 
1.103152e-02 
1.137052e-02 
-1.703562e-02 
-1.155381e-02 
-5.990378e-03 
1.805725e-02 
1.470864e-02 
1.393018e-02 
1.421185e-02 
1.516646e-02 
2.392337e-02 
1.660281e-02 
3.374424e-02 
2.428788e-02 
1.614699e-02 
1.460855e-02 
1.373163e-02 
2.316283e-02 
2.775406e-02 
3.470281e-02 
8.071527e-03 
1.534620e-02 
-5.891693e-03 
-1.805973e-02 
1.905676e-03 
1.079629e-02 
3.584929e-02 
2.540244e-02 
3.264921e-02 
4.283165e-02 
4.209316e-02 
3.642459e-02 
1.254302e-02 
1.788384e-03 
-6.538732e-03 
-2.077193e-03 
5.535537e-03 
-4.134786e-02 
3.960962e-02 
2.235156e-02 
1.388079e-02 
-1.550390e-02 
1.774160e-02 
7.068144e-03 
-2.375282e-03 
-2.978985e-02 
-1.394906e-02 
3.237904e-02 
4.868949e-03 
1.246511e-02 
4.517996e-02 
2.899562e-02 
-4.171013e-03 
-1.105265e-02 
1.733449e-02 
7.410505e-03 
-3.129412e-02 
1.604559e-02 
2.504825e-02 
2.329069e-02 
1.880469e-02 
4.547927e-03 
2.811511e-02 
2.719465e-02 
4.253890e-02 
-6.871029e-03 
4.834870e-02 
1.767273e-02 
-1.702586e-02 
3.217583e-03 
1.586377e-02 
8.335462e-03 
7.124054e-03 
-4.135117e-03 
2.969112e-02 
1.107362e-02 
1.011843e-02 
1.118527e-02 
3.661707e-03 
1.150280e-02 
2.855623e-02 
1.023168e-02 
8.041475e-03 
-2.992852e-03 
8.358438e-03 
-1.775084e-02 
8.466602e-04 
6.855333e-03 
-2.147568e-02 
1.517717e-02 
1.649097e-02 
8.026218e-04 
4.498873e-03 
1.894948e-02 
1.817289e-04 
5.921084e-03 
1.367734e-02 
1.436582e-02 
-2.457634e-02 
-3.650960e-02 
-6.723483e-03 
-1.460169e-02 
-1.402655e-03 
-4.281129e-03 
-6.681342e-03 
-7.052428e-03 
-1.312103e-03 
-2.826351e-02 
-2.648650e-02 
1.714834e-03 
1.219692e-02 
2.928088e-03 
1.281676e-02 
4.621988e-03 
-1.981521e-02 
-1.839076e-02 
-9.051499e-03 
2.026230e-02 
-7.341293e-03 
-7.196845e-04 
7.131551e-03 
1.125338e-02 
-1.476608e-02 
-1.608304e-02 
-1.773374e-02 
-1.149165e-03 
2.834784e-03 
-1.514044e-02 
-5.416966e-03 
-3.113391e-03 
8.917196e-03 
1.625387e-02 
-7.146335e-03 
