0.000000e+000 0.000000e+000 0.000000e+000
9.587380e-005 -5.683570e-006 2.773666e-004
1.917476e-004 -2.341084e-005 5.529304e-004
2.876214e-004 -5.510757e-005 8.254479e-004
3.834952e-004 -1.036483e-004 1.094723e-003
4.793690e-004 -1.723931e-004 1.361965e-003
5.752428e-004 -2.646128e-004 1.629961e-003
6.711166e-004 -3.828701e-004 1.903036e-003
7.669904e-004 -5.284286e-004 2.186795e-003
8.628642e-004 -7.007652e-004 2.487657e-003
9.587380e-004 -8.972526e-004 2.812221e-003
8.912509e-004 -7.786359e-004 2.604586e-003
1.000000e-003 -1.003883e-003 2.988715e-003
1.122018e-003 -1.279145e-003 3.462857e-003
1.258925e-003 -1.583009e-003 4.154740e-003
1.412538e-003 -1.943520e-003 4.829176e-003
1.584893e-003 -2.192878e-003 5.803745e-003
1.778279e-003 -2.432624e-003 6.850282e-003
1.995262e-003 -2.598566e-003 7.986539e-003
2.238721e-003 -2.829464e-003 8.996892e-003
2.511886e-003 -3.283632e-003 1.017505e-002
2.818383e-003 -4.090540e-003 1.159360e-002
3.162278e-003 -5.276862e-003 1.365318e-002
3.548134e-003 -5.691059e-003 1.689897e-002
3.981072e-003 -6.423966e-003 2.015082e-002
4.466836e-003 -7.429543e-003 2.402270e-002
5.011872e-003 -7.068724e-003 3.109612e-002
5.623413e-003 -2.770965e-003 3.772710e-002
6.309573e-003 2.881291e-003 3.863773e-002
7.079458e-003 4.992638e-003 4.028260e-002
7.943282e-003 8.087035e-003 3.833246e-002
8.912509e-003 1.088571e-003 3.789960e-002
1.000000e-002 -4.408680e-003 4.664133e-002
1.122018e-002 -7.178313e-003 5.936753e-002
1.258925e-002 -2.282809e-003 7.624201e-002
1.412538e-002 1.111849e-002 7.898590e-002
1.584893e-002 8.978341e-003 8.506958e-002
1.778279e-002 1.167597e-002 9.076586e-002
1.995262e-002 1.199050e-002 1.081227e-001
2.238721e-002 4.904940e-003 1.286463e-001
2.511886e-002 3.507221e-002 1.580990e-001
2.818383e-002 5.867331e-002 1.576675e-001
3.162278e-002 5.149261e-002 1.641819e-001
3.548134e-002 9.989753e-002 1.949361e-001
3.981072e-002 1.181446e-001 1.853362e-001
4.466836e-002 1.361496e-001 1.772941e-001
5.011872e-002 1.661891e-001 1.776038e-001
5.623413e-002 1.564424e-001 1.684133e-001
6.309573e-002 1.594063e-001 1.745663e-001
7.079458e-002 1.783244e-001 1.967067e-001
7.943282e-002 1.946570e-001 1.970170e-001
8.912509e-002 2.098084e-001 2.059704e-001
1.000000e-001 2.390458e-001 1.943533e-001
1.122018e-001 2.367235e-001 1.691922e-001
1.258925e-001 2.323613e-001 2.031369e-001
1.412538e-001 2.462110e-001 2.044329e-001
1.584893e-001 2.482386e-001 2.309329e-001
1.778279e-001 2.801511e-001 2.525212e-001
1.995262e-001 2.954514e-001 2.493823e-001
2.238721e-001 3.319115e-001 2.448940e-001
2.511886e-001 3.291609e-001 2.610008e-001
2.818383e-001 3.587250e-001 2.762861e-001
3.162278e-001 3.845046e-001 2.760904e-001
3.548134e-001 3.975304e-001 3.001347e-001
3.981072e-001 4.421898e-001 2.915929e-001
4.466836e-001 4.599835e-001 2.841479e-001
5.011872e-001 4.825200e-001 3.174852e-001
5.623413e-001 5.022439e-001 2.822409e-001
6.309573e-001 5.338671e-001 3.079711e-001
7.079458e-001 5.264628e-001 2.523751e-001
7.943282e-001 5.540623e-001 2.825595e-001
8.912509e-001 5.051215e-001 3.286457e-001
1.000000e+000 5.144040e-001 3.795548e-001
1.122018e+000 6.011909e-001 4.479600e-001
1.258925e+000 6.717301e-001 4.496539e-001
1.412538e+000 7.639753e-001 3.991965e-001
1.584893e+000 6.850618e-001 3.780749e-001
1.778279e+000 7.931786e-001 5.315976e-001
1.995262e+000 8.679199e-001 4.596150e-001
2.238721e+000 8.982366e-001 4.302947e-001
2.511886e+000 9.415249e-001 3.836417e-001
2.818383e+000 9.735625e-001 4.815914e-001
