0.000000e+00	1.105398e+00
1.000000e+00	4.652180e-01
2.000000e+00	3.808430e-01
3.000000e+00	3.618210e-01
4.000000e+00	3.347100e-01
5.000000e+00	3.090130e-01
6.000000e+00	2.942520e-01
7.000000e+00	3.054600e-01
8.000000e+00	2.921950e-01
9.000000e+00	2.674480e-01
1.000000e+01	3.320620e-01
1.100000e+01	2.725770e-01
1.200000e+01	2.901990e-01
1.300000e+01	2.928300e-01
1.400000e+01	2.988150e-01
1.500000e+01	3.381780e-01
1.600000e+01	3.355570e-01
1.700000e+01	3.828930e-01
1.800000e+01	3.228050e-01
1.900000e+01	3.253350e-01
1.995262e+01	3.332482e-01
2.238721e+01	3.504870e-01
2.511886e+01	3.473053e-01
2.818383e+01	3.587186e-01
3.162278e+01	3.730883e-01
3.548134e+01	3.687682e-01
3.981072e+01	3.854607e-01
4.466836e+01	4.044149e-01
5.011872e+01	4.036285e-01
5.623413e+01	4.250229e-01
6.309573e+01	4.495361e-01
7.079458e+01	4.649254e-01
7.943282e+01	4.760994e-01
8.912509e+01	4.859999e-01
1.000000e+02	4.820155e-01
1.122018e+02	4.753303e-01
1.258925e+02	4.711980e-01
1.412538e+02	5.036365e-01
1.584893e+02	5.270312e-01
1.778279e+02	5.572505e-01
1.995262e+02	5.646623e-01
2.238721e+02	5.614266e-01
2.511886e+02	5.650401e-01
2.818383e+02	5.801232e-01
3.162278e+02	6.060249e-01
3.548134e+02	6.144648e-01
3.981072e+02	6.357905e-01
4.466836e+02	6.654630e-01
5.011872e+02	6.857761e-01
5.623413e+02	7.018661e-01
6.309573e+02	7.043121e-01
7.079458e+02	7.003459e-01
7.943282e+02	6.841504e-01
8.912509e+02	6.865267e-01
1.000000e+03	6.823847e-01
1.122018e+03	6.719608e-01
1.258925e+03	6.757307e-01
1.412538e+03	6.711794e-01
1.584893e+03	6.762278e-01
1.778279e+03	6.785088e-01
1.995262e+03	6.838536e-01
2.238721e+03	6.824414e-01
2.511886e+03	6.821446e-01
2.818383e+03	6.753905e-01
3.162278e+03	6.705785e-01
3.548134e+03	6.751604e-01
3.981072e+03	6.878897e-01
