0.000000e+00	1.102262e+00
1.000000e+00	4.334489e-01
2.000000e+00	3.636677e-01
3.000000e+00	3.021875e-01
4.000000e+00	2.988882e-01
5.000000e+00	2.433229e-01
6.000000e+00	2.252358e-01
7.000000e+00	1.935341e-01
8.000000e+00	1.467551e-01
9.000000e+00	1.552834e-01
1.000000e+01	1.560550e-01
1.100000e+01	1.657108e-01
1.200000e+01	1.352530e-01
1.300000e+01	1.299780e-01
1.400000e+01	1.259315e-01
1.500000e+01	1.179529e-01
1.600000e+01	1.021292e-01
1.700000e+01	9.437867e-02
1.800000e+01	1.194947e-01
1.900000e+01	1.066267e-01
1.995262e+01	9.367400e-02
2.238721e+01	8.411619e-02
2.511886e+01	7.526226e-02
2.818383e+01	6.447221e-02
3.162278e+01	5.526215e-02
3.548134e+01	4.302400e-02
3.981072e+01	3.274425e-02
4.466836e+01	1.950486e-02
5.011872e+01	1.107694e-02
5.623413e+01	2.782056e-03
6.309573e+01	-2.263395e-03
7.079458e+01	-4.154883e-03
7.943282e+01	-1.048661e-02
8.912509e+01	-1.313059e-02
1.000000e+02	-1.740797e-02
1.122018e+02	-1.597399e-02
1.258925e+02	-1.227654e-02
1.412538e+02	-6.444779e-03
1.584893e+02	-4.214461e-05
1.778279e+02	-8.814412e-04
1.995262e+02	4.724190e-05
2.238721e+02	-1.971199e-03
2.511886e+02	-1.661961e-03
2.818383e+02	-1.355480e-03
3.162278e+02	-4.024825e-03
3.548134e+02	-5.409463e-03
3.981072e+02	-2.502747e-03
4.466836e+02	-8.522014e-04
5.011872e+02	-2.794508e-03
5.623413e+02	-8.572237e-04
6.309573e+02	-7.993521e-03
7.079458e+02	-6.055804e-03
7.943282e+02	-7.370213e-04
8.912509e+02	-7.447420e-04
1.000000e+03	2.086221e-03
1.122018e+03	2.081334e-03
1.258925e+03	-1.056959e-03
1.412538e+03	-5.276996e-04
1.584893e+03	-8.287636e-04
1.778279e+03	-1.032784e-03
1.995262e+03	9.999351e-04
2.238721e+03	-1.636244e-03
2.511886e+03	1.067665e-03
2.818383e+03	1.407336e-03
3.162278e+03	-4.411843e-05
3.548134e+03	1.163915e-03
3.981072e+03	1.161439e-03
